# lg(E/GeV)  E^2 (GeV cm-2 sr-1 s-1)  (zmax = 5, m = 5) 
3.6500 	     5.0285E-11 
3.6644 	     4.9836E-11 
3.6789 	     4.9495E-11 
3.6933 	     4.9258E-11 
3.7077 	     4.9119E-11 
3.7221 	     4.9074E-11 
3.7366 	     4.9119E-11 
3.7510 	     4.9249E-11 
3.7654 	     4.9458E-11 
3.7799 	     4.9743E-11 
3.7943 	     5.0099E-11 
3.8087 	     5.0520E-11 
3.8231 	     5.1003E-11 
3.8376 	     5.1543E-11 
3.8520 	     5.2135E-11 
3.8664 	     5.2774E-11 
3.8809 	     5.3457E-11 
3.8953 	     5.4177E-11 
3.9097 	     5.4930E-11 
3.9241 	     5.5713E-11 
3.9386 	     5.6519E-11 
3.9530 	     5.7345E-11 
3.9674 	     5.8186E-11 
3.9819 	     5.9037E-11 
3.9963 	     5.9894E-11 
4.0107 	     6.0751E-11 
4.0252 	     6.1604E-11 
4.0396 	     6.2449E-11 
4.0540 	     6.3281E-11 
4.0684 	     6.4095E-11 
4.0829 	     6.4886E-11 
4.0973 	     6.5651E-11 
4.1117 	     6.6383E-11 
4.1262 	     6.7079E-11 
4.1406 	     6.7734E-11 
4.1550 	     6.8343E-11 
4.1694 	     6.8902E-11 
4.1839 	     6.9405E-11 
4.1983 	     6.9849E-11 
4.2127 	     7.0228E-11 
4.2272 	     7.0539E-11 
4.2416 	     7.0775E-11 
4.2560 	     7.0933E-11 
4.2704 	     7.1015E-11 
4.2849 	     7.1029E-11 
4.2993 	     7.0985E-11 
4.3137 	     7.0894E-11 
4.3282 	     7.0764E-11 
4.3426 	     7.0606E-11 
4.3570 	     7.0429E-11 
4.3714 	     7.0242E-11 
4.3859 	     7.0057E-11 
4.4003 	     6.9881E-11 
4.4147 	     6.9726E-11 
4.4292 	     6.9600E-11 
4.4436 	     6.9513E-11 
4.4580 	     6.9476E-11 
4.4724 	     6.9497E-11 
4.4869 	     6.9587E-11 
4.5013 	     6.9755E-11 
4.5157 	     7.0011E-11 
4.5302 	     7.0365E-11 
4.5446 	     7.0825E-11 
4.5590 	     7.1404E-11 
4.5734 	     7.2119E-11 
4.5879 	     7.2998E-11 
4.6023 	     7.4065E-11 
4.6167 	     7.5347E-11 
4.6312 	     7.6870E-11 
4.6456 	     7.8659E-11 
4.6600 	     8.0741E-11 
4.6744 	     8.3142E-11 
4.6889 	     8.5887E-11 
4.7033 	     8.9002E-11 
4.7177 	     9.2514E-11 
4.7322 	     9.6449E-11 
4.7466 	     1.0083E-10 
4.7610 	     1.0569E-10 
4.7755 	     1.1105E-10 
4.7899 	     1.1693E-10 
4.8043 	     1.2337E-10 
4.8187 	     1.3038E-10 
4.8332 	     1.3800E-10 
4.8476 	     1.4625E-10 
4.8620 	     1.5514E-10 
4.8765 	     1.6464E-10 
4.8909 	     1.7466E-10 
4.9053 	     1.8514E-10 
4.9197 	     1.9601E-10 
4.9342 	     2.0719E-10 
4.9486 	     2.1861E-10 
4.9630 	     2.3021E-10 
4.9775 	     2.4190E-10 
4.9919 	     2.5361E-10 
5.0063 	     2.6528E-10 
5.0207 	     2.7684E-10 
5.0352 	     2.8820E-10 
5.0496 	     2.9931E-10 
5.0640 	     3.1008E-10 
5.0785 	     3.2045E-10 
5.0929 	     3.3034E-10 
5.1073 	     3.3969E-10 
5.1217 	     3.4841E-10 
5.1362 	     3.5645E-10 
5.1506 	     3.6372E-10 
5.1650 	     3.7020E-10 
5.1795 	     3.7603E-10 
5.1939 	     3.8138E-10 
5.2083 	     3.8643E-10 
5.2227 	     3.9134E-10 
5.2372 	     3.9629E-10 
5.2516 	     4.0145E-10 
5.2660 	     4.0700E-10 
5.2805 	     4.1311E-10 
5.2949 	     4.1994E-10 
5.3093 	     4.2768E-10 
5.3237 	     4.3649E-10 
5.3382 	     4.4656E-10 
5.3526 	     4.5804E-10 
5.3670 	     4.7112E-10 
5.3815 	     4.8596E-10 
5.3959 	     5.0275E-10 
5.4103 	     5.2164E-10 
5.4247 	     5.4283E-10 
5.4392 	     5.6646E-10 
5.4536 	     5.9273E-10 
5.4680 	     6.2168E-10 
5.4825 	     6.5312E-10 
5.4969 	     6.8683E-10 
5.5113 	     7.2260E-10 
5.5258 	     7.6021E-10 
5.5402 	     7.9944E-10 
5.5546 	     8.4009E-10 
5.5690 	     8.8193E-10 
5.5835 	     9.2474E-10 
5.5979 	     9.6832E-10 
5.6123 	     1.0124E-09 
5.6268 	     1.0569E-09 
5.6412 	     1.1015E-09 
5.6556 	     1.1459E-09 
5.6700 	     1.1901E-09 
5.6845 	     1.2337E-09 
5.6989 	     1.2765E-09 
5.7133 	     1.3184E-09 
5.7278 	     1.3591E-09 
5.7422 	     1.3984E-09 
5.7566 	     1.4361E-09 
5.7710 	     1.4721E-09 
5.7855 	     1.5065E-09 
5.7999 	     1.5395E-09 
5.8143 	     1.5710E-09 
5.8288 	     1.6013E-09 
5.8432 	     1.6304E-09 
5.8576 	     1.6584E-09 
5.8720 	     1.6854E-09 
5.8865 	     1.7116E-09 
5.9009 	     1.7369E-09 
5.9153 	     1.7616E-09 
5.9298 	     1.7857E-09 
5.9442 	     1.8094E-09 
5.9586 	     1.8326E-09 
5.9730 	     1.8556E-09 
5.9875 	     1.8785E-09 
6.0019 	     1.9012E-09 
6.0163 	     1.9240E-09 
6.0308 	     1.9469E-09 
6.0452 	     1.9700E-09 
6.0596 	     1.9935E-09 
6.0740 	     2.0173E-09 
6.0885 	     2.0413E-09 
6.1029 	     2.0655E-09 
6.1173 	     2.0897E-09 
6.1318 	     2.1140E-09 
6.1462 	     2.1382E-09 
6.1606 	     2.1623E-09 
6.1751 	     2.1861E-09 
6.1895 	     2.2096E-09 
6.2039 	     2.2328E-09 
6.2183 	     2.2555E-09 
6.2328 	     2.2777E-09 
6.2472 	     2.2993E-09 
6.2616 	     2.3202E-09 
6.2761 	     2.3403E-09 
6.2905 	     2.3596E-09 
6.3049 	     2.3780E-09 
6.3193 	     2.3954E-09 
6.3338 	     2.4117E-09 
6.3482 	     2.4269E-09 
6.3626 	     2.4409E-09 
6.3771 	     2.4536E-09 
6.3915 	     2.4650E-09 
6.4059 	     2.4751E-09 
6.4203 	     2.4838E-09 
6.4348 	     2.4910E-09 
6.4492 	     2.4968E-09 
6.4636 	     2.5011E-09 
6.4781 	     2.5039E-09 
6.4925 	     2.5050E-09 
6.5069 	     2.5045E-09 
6.5213 	     2.5024E-09 
6.5358 	     2.4985E-09 
6.5502 	     2.4929E-09 
6.5646 	     2.4855E-09 
6.5791 	     2.4763E-09 
6.5935 	     2.4652E-09 
6.6079 	     2.4522E-09 
6.6223 	     2.4372E-09 
6.6368 	     2.4202E-09 
6.6512 	     2.4012E-09 
6.6656 	     2.3802E-09 
6.6801 	     2.3572E-09 
6.6945 	     2.3323E-09 
6.7089 	     2.3056E-09 
6.7233 	     2.2772E-09 
6.7378 	     2.2471E-09 
6.7522 	     2.2155E-09 
6.7666 	     2.1825E-09 
6.7811 	     2.1482E-09 
6.7955 	     2.1125E-09 
6.8099 	     2.0757E-09 
6.8243 	     2.0378E-09 
6.8388 	     1.9989E-09 
6.8532 	     1.9590E-09 
6.8676 	     1.9184E-09 
6.8821 	     1.8770E-09 
6.8965 	     1.8349E-09 
6.9109 	     1.7923E-09 
6.9254 	     1.7492E-09 
6.9398 	     1.7057E-09 
6.9542 	     1.6620E-09 
6.9686 	     1.6180E-09 
6.9831 	     1.5739E-09 
6.9975 	     1.5298E-09 
7.0119 	     1.4857E-09 
7.0264 	     1.4418E-09 
7.0408 	     1.3982E-09 
7.0552 	     1.3549E-09 
7.0696 	     1.3120E-09 
7.0841 	     1.2696E-09 
7.0985 	     1.2279E-09 
7.1129 	     1.1869E-09 
7.1274 	     1.1466E-09 
7.1418 	     1.1072E-09 
7.1562 	     1.0688E-09 
7.1706 	     1.0315E-09 
7.1851 	     9.9535E-10 
7.1995 	     9.6043E-10 
7.2139 	     9.2685E-10 
7.2284 	     8.9470E-10 
7.2428 	     8.6407E-10 
7.2572 	     8.3506E-10 
7.2716 	     8.0766E-10 
7.2861 	     7.8181E-10 
7.3005 	     7.5743E-10 
7.3149 	     7.3445E-10 
7.3294 	     7.1279E-10 
7.3438 	     6.9239E-10 
7.3582 	     6.7316E-10 
7.3726 	     6.5504E-10 
7.3871 	     6.3794E-10 
7.4015 	     6.2180E-10 
7.4159 	     6.0653E-10 
7.4304 	     5.9208E-10 
7.4448 	     5.7836E-10 
7.4592 	     5.6529E-10 
7.4736 	     5.5281E-10 
7.4881 	     5.4084E-10 
7.5025 	     5.2930E-10 
7.5169 	     5.1812E-10 
7.5314 	     5.0724E-10 
7.5458 	     4.9656E-10 
7.5602 	     4.8603E-10 
7.5746 	     4.7564E-10 
7.5891 	     4.6539E-10 
7.6035 	     4.5532E-10 
7.6179 	     4.4543E-10 
7.6324 	     4.3576E-10 
7.6468 	     4.2633E-10 
7.6612 	     4.1714E-10 
7.6757 	     4.0822E-10 
7.6901 	     3.9960E-10 
7.7045 	     3.9129E-10 
7.7189 	     3.8331E-10 
7.7334 	     3.7568E-10 
7.7478 	     3.6842E-10 
7.7622 	     3.6156E-10 
7.7767 	     3.5510E-10 
7.7911 	     3.4908E-10 
7.8055 	     3.4351E-10 
7.8199 	     3.3841E-10 
7.8344 	     3.3380E-10 
7.8488 	     3.2971E-10 
7.8632 	     3.2613E-10 
7.8777 	     3.2305E-10 
7.8921 	     3.2042E-10 
7.9065 	     3.1820E-10 
7.9209 	     3.1634E-10 
7.9354 	     3.1479E-10 
7.9498 	     3.1352E-10 
7.9642 	     3.1248E-10 
7.9787 	     3.1163E-10 
7.9931 	     3.1092E-10 
8.0075 	     3.1031E-10 
8.0219 	     3.0976E-10 
8.0364 	     3.0922E-10 
8.0508 	     3.0865E-10 
8.0652 	     3.0800E-10 
8.0797 	     3.0724E-10 
8.0941 	     3.0631E-10 
8.1085 	     3.0518E-10 
8.1229 	     3.0379E-10 
8.1374 	     3.0212E-10 
8.1518 	     3.0010E-10 
8.1662 	     2.9772E-10 
8.1807 	     2.9498E-10 
8.1951 	     2.9189E-10 
8.2095 	     2.8847E-10 
8.2239 	     2.8473E-10 
8.2384 	     2.8068E-10 
8.2528 	     2.7634E-10 
8.2672 	     2.7172E-10 
8.2817 	     2.6684E-10 
8.2961 	     2.6171E-10 
8.3105 	     2.5633E-10 
8.3249 	     2.5074E-10 
8.3394 	     2.4493E-10 
8.3538 	     2.3893E-10 
8.3682 	     2.3274E-10 
8.3827 	     2.2638E-10 
8.3971 	     2.1987E-10 
8.4115 	     2.1321E-10 
8.4260 	     2.0642E-10 
8.4404 	     1.9952E-10 
8.4548 	     1.9252E-10 
8.4692 	     1.8543E-10 
8.4837 	     1.7827E-10 
8.4981 	     1.7107E-10 
8.5125 	     1.6384E-10 
8.5270 	     1.5660E-10 
8.5414 	     1.4937E-10 
8.5558 	     1.4217E-10 
8.5702 	     1.3501E-10 
8.5847 	     1.2793E-10 
8.5991 	     1.2094E-10 
8.6135 	     1.1405E-10 
8.6280 	     1.0729E-10 
8.6424 	     1.0067E-10 
8.6568 	     9.4222E-11 
8.6712 	     8.7958E-11 
8.6857 	     8.1897E-11 
8.7001 	     7.6061E-11 
8.7145 	     7.0467E-11 
8.7290 	     6.5136E-11 
8.7434 	     6.0086E-11 
8.7578 	     5.5337E-11 
8.7722 	     5.0890E-11 
8.7867 	     4.6736E-11 
8.8011 	     4.2862E-11 
8.8155 	     3.9256E-11 
8.8300 	     3.5907E-11 
8.8444 	     3.2802E-11 
8.8588 	     2.9931E-11 
8.8732 	     2.7281E-11 
8.8877 	     2.4841E-11 
8.9021 	     2.2599E-11 
8.9165 	     2.0543E-11 
8.9310 	     1.8661E-11 
8.9454 	     1.6942E-11 
8.9598 	     1.5374E-11 
8.9742 	     1.3945E-11 
8.9887 	     1.2643E-11 
9.0031 	     1.1457E-11 
9.0175 	     1.0375E-11 
9.0320 	     9.3851E-12 
9.0464 	     8.4756E-12 
9.0608 	     7.6355E-12 
9.0753 	     6.8589E-12 
9.0897 	     6.1434E-12 
9.1041 	     5.4860E-12 
9.1185 	     4.8840E-12 
9.1330 	     4.3347E-12 
9.1474 	     3.8354E-12 
9.1618 	     3.3832E-12 
9.1763 	     2.9755E-12 
9.1907 	     2.6096E-12 
9.2051 	     2.2826E-12 
9.2195 	     1.9918E-12 
9.2340 	     1.7345E-12 
9.2484 	     1.5079E-12 
9.2628 	     1.3093E-12 
9.2773 	     1.1360E-12 
9.2917 	     9.8517E-13 
9.3061 	     8.5410E-13 
9.3205 	     7.4003E-13 
9.3350 	     6.4023E-13 
9.3494 	     5.5196E-13 
9.3638 	     4.7280E-13 
9.3783 	     4.0188E-13 
9.3927 	     3.3876E-13 
9.4071 	     2.8300E-13 
9.4215 	     2.3414E-13 
9.4360 	     1.9176E-13 
9.4504 	     1.5540E-13 
9.4648 	     1.2463E-13 
9.4793 	     9.8994E-14 
9.4937 	     7.8060E-14 
9.5081 	     6.1382E-14 
9.5225 	     4.8518E-14 
9.5370 	     3.9024E-14 
9.5514 	     3.2459E-14 
9.5658 	     2.8379E-14 
9.5803 	     2.6342E-14 
9.5947 	     2.5905E-14 
9.6091 	     2.6626E-14 
9.6235 	     2.8061E-14 
9.6380 	     2.9769E-14 
9.6524 	     3.1306E-14 
9.6668 	     3.2358E-14 
9.6813 	     3.2914E-14 
9.6957 	     3.3013E-14 
9.7101 	     3.2694E-14 
9.7245 	     3.1994E-14 
9.7390 	     3.0952E-14 
9.7534 	     2.9606E-14 
9.7678 	     2.7993E-14 
9.7823 	     2.6152E-14 
9.7967 	     2.4121E-14 
9.8111 	     2.1939E-14 
9.8256 	     1.9642E-14 
9.8400 	     1.7270E-14 
9.8544 	     1.4860E-14 
9.8688 	     1.2451E-14 
9.8833 	     1.0080E-14 
9.8977 	     7.7864E-15 
9.9121 	     5.6073E-15 
9.9266 	     3.5811E-15 
9.9410 	     1.7460E-15 
9.9554 	     1.3951E-16 
9.9698 	 	 -1.2218E-15 
9.9843 	 	 -2.3509E-15 
9.9987 	 	 -3.2630E-15 
10.0131 	  	 -3.9729E-15 
10.0276 	  	 -4.4960E-15 
10.0420 	  	 -4.8472E-15 
10.0564 	  	 -5.0417E-15 
10.0708 	  	 -5.0945E-15 
10.0853 	  	 -5.0208E-15 
10.0997 	  	 -4.8355E-15 
10.1141 	  	 -4.5539E-15 
10.1286 	  	 -4.1911E-15 
10.1430 	  	 -3.7620E-15 
10.1574 	  	 -3.2818E-15 
10.1718 	  	 -2.7656E-15 
10.1863 	  	 -2.2285E-15 
10.2007 	  	 -1.6855E-15 
10.2151 	  	 -1.1518E-15 
10.2296 	  	 -6.4247E-16 
10.2440 	  	 -1.7258E-16 
10.2584 	 	 2.4337E-16 
10.2728 	 	 6.0042E-16 
10.2873 	 	 9.0128E-16 
10.3017 	 	 1.1489E-15 
10.3161 	 	 1.3461E-15 
10.3306 	 	 1.4960E-15 
10.3450 	 	 1.6013E-15 
10.3594 	 	 1.6651E-15 
10.3738 	 	 1.6903E-15 
10.3883 	 	 1.6797E-15 
10.4027 	 	 1.6364E-15 
10.4171 	 	 1.5632E-15 
10.4316 	 	 1.4631E-15 
10.4460 	 	 1.3390E-15 
10.4604 	 	 1.1938E-15 
10.4748 	 	 1.0305E-15 
10.4893 	 	 8.5191E-16 
10.5037 	 	 6.6105E-16 
10.5181 	 	 4.6082E-16 
10.5326 	 	 2.5415E-16 
10.5470 	 	 4.3962E-17 
10.5614 	  	 -1.6682E-16 
10.5759 	  	 -3.7526E-16 
10.5903 	  	 -5.7845E-16 
10.6047 	  	 -7.7345E-16 
10.6191 	  	 -9.5733E-16 
10.6336 	  	 -1.1272E-15 
10.6480 	  	 -1.2800E-15 
10.6624 	  	 -1.4130E-15 
10.6769 	  	 -1.5232E-15 
10.6913 	  	 -1.6076E-15 
10.7057 	  	 -1.6633E-15 
10.7201 	  	 -1.6875E-15 
10.7346 	  	 -1.6771E-15 
10.7490 	  	 -1.6293E-15 
10.7634 	  	 -1.5411E-15 
10.7779 	  	 -1.4096E-15 
10.7923 	  	 -1.2318E-15 
10.8067 	  	 -1.0049E-15 
10.8211 	  	 -7.2592E-16 
10.8356 	  	 -3.9193E-16 
10.8500 	 	 3.9950E-28 
