# log_{10}(E/GeV)  E^{2}J [GeV cm^{-2} sr^{-1} s^{-1}]  (zmax = 3, m = 5)
3.7   2.44808e-13
3.8   4.07396e-13
3.9   7.59243e-13
4     1.03889e-12
4.1   1.17977e-12
4.2   2.06908e-12
4.3   2.71883e-12
4.4   3.88839e-12
4.5   6.82277e-12
4.6   7.13369e-12
4.7   5.37432e-12
4.8   7.49639e-12
4.9   8.18925e-12
5     8.3045e-12
5.1   9.36057e-12
5.2   2.65541e-11
5.3   3.145e-11
5.4   2.88473e-11
5.5   8.22516e-11
5.6   1.35415e-10
5.7   1.42986e-10
5.8   1.65247e-10
5.9   2.23828e-10
6     2.74494e-10
6.1   3.83035e-10
6.2   5.07963e-10
6.3   5.74132e-10
6.4   7.47858e-10
6.5   1.03818e-09
6.6   1.20317e-09
6.7   1.29513e-09
6.8   1.40696e-09
6.9   1.4899e-09
7     1.52962e-09
7.1   1.49761e-09
7.2   1.30745e-09
7.3   1.15534e-09
7.4   1.12516e-09
7.5   1.13634e-09
7.6   1.25459e-09
7.7   1.49701e-09
7.8   1.95343e-09
7.9   2.63067e-09
8     3.7177e-09
8.1   5.236e-09
8.2   7.1516e-09
8.3   9.5567e-09
8.4   1.23038e-08
8.5   1.50686e-08
8.6   1.78572e-08
8.7   2.04186e-08
8.8   2.21631e-08
8.9   2.32779e-08
9     2.32339e-08
9.1   2.18055e-08
9.2   1.9887e-08
9.3   1.70346e-08
9.4   1.39902e-08
9.5   1.13576e-08
9.6   8.67738e-09
9.7   6.26447e-09
9.8   4.33199e-09
9.9   2.95115e-09
10    1.9144e-09
10.1  1.16582e-09
10.2  6.55582e-10
10.3  3.58002e-10
10.4  1.85652e-10
10.5  9.07395e-11
10.6  4.19602e-11
10.7  1.4827e-11
10.8  5.81605e-12
10.9  2.04422e-12
