# lg(E/GeV) 	 E^2 (GeV cm-2 sr-1 s-1)  (zmax = 5, m = -3) 
3.6500 	  	 4.5885E-12 
3.6644 	  	 4.5951E-12 
3.6789 	  	 4.6004E-12 
3.6933 	  	 4.6045E-12 
3.7077 	  	 4.6073E-12 
3.7221 	  	 4.6088E-12 
3.7366 	  	 4.6090E-12 
3.7510 	  	 4.6079E-12 
3.7654 	  	 4.6054E-12 
3.7799 	  	 4.6016E-12 
3.7943 	  	 4.5964E-12 
3.8087 	  	 4.5898E-12 
3.8231 	  	 4.5818E-12 
3.8376 	  	 4.5724E-12 
3.8520 	  	 4.5615E-12 
3.8664 	  	 4.5492E-12 
3.8809 	  	 4.5354E-12 
3.8953 	  	 4.5201E-12 
3.9097 	  	 4.5033E-12 
3.9241 	  	 4.4850E-12 
3.9386 	  	 4.4652E-12 
3.9530 	  	 4.4438E-12 
3.9674 	  	 4.4208E-12 
3.9819 	  	 4.3962E-12 
3.9963 	  	 4.3701E-12 
4.0107 	  	 4.3423E-12 
4.0252 	  	 4.3129E-12 
4.0396 	  	 4.2818E-12 
4.0540 	  	 4.2491E-12 
4.0684 	  	 4.2147E-12 
4.0829 	  	 4.1786E-12 
4.0973 	  	 4.1407E-12 
4.1117 	  	 4.1012E-12 
4.1262 	  	 4.0599E-12 
4.1406 	  	 4.0168E-12 
4.1550 	  	 3.9720E-12 
4.1694 	  	 3.9253E-12 
4.1839 	  	 3.8769E-12 
4.1983 	  	 3.8266E-12 
4.2127 	  	 3.7745E-12 
4.2272 	  	 3.7205E-12 
4.2416 	  	 3.6646E-12 
4.2560 	  	 3.6069E-12 
4.2704 	  	 3.5474E-12 
4.2849 	  	 3.4865E-12 
4.2993 	  	 3.4247E-12 
4.3137 	  	 3.3622E-12 
4.3282 	  	 3.2994E-12 
4.3426 	  	 3.2367E-12 
4.3570 	  	 3.1745E-12 
4.3714 	  	 3.1131E-12 
4.3859 	  	 3.0529E-12 
4.4003 	  	 2.9943E-12 
4.4147 	  	 2.9376E-12 
4.4292 	  	 2.8833E-12 
4.4436 	  	 2.8316E-12 
4.4580 	  	 2.7830E-12 
4.4724 	  	 2.7378E-12 
4.4869 	  	 2.6964E-12 
4.5013 	  	 2.6591E-12 
4.5157 	  	 2.6264E-12 
4.5302 	  	 2.5986E-12 
4.5446 	  	 2.5760E-12 
4.5590 	  	 2.5590E-12 
4.5734 	  	 2.5474E-12 
4.5879 	  	 2.5405E-12 
4.6023 	  	 2.5377E-12 
4.6167 	  	 2.5383E-12 
4.6312 	  	 2.5416E-12 
4.6456 	  	 2.5471E-12 
4.6600 	  	 2.5540E-12 
4.6744 	  	 2.5617E-12 
4.6889 	  	 2.5697E-12 
4.7033 	  	 2.5771E-12 
4.7177 	  	 2.5834E-12 
4.7322 	  	 2.5879E-12 
4.7466 	  	 2.5899E-12 
4.7610 	  	 2.5889E-12 
4.7755 	  	 2.5842E-12 
4.7899 	  	 2.5750E-12 
4.8043 	  	 2.5609E-12 
4.8187 	  	 2.5410E-12 
4.8332 	  	 2.5148E-12 
4.8476 	  	 2.4816E-12 
4.8620 	  	 2.4410E-12 
4.8765 	  	 2.3939E-12 
4.8909 	  	 2.3417E-12 
4.9053 	  	 2.2860E-12 
4.9197 	  	 2.2282E-12 
4.9342 	  	 2.1698E-12 
4.9486 	  	 2.1123E-12 
4.9630 	  	 2.0572E-12 
4.9775 	  	 2.0059E-12 
4.9919 	  	 1.9599E-12 
5.0063 	  	 1.9208E-12 
5.0207 	  	 1.8899E-12 
5.0352 	  	 1.8688E-12 
5.0496 	  	 1.8590E-12 
5.0640 	  	 1.8618E-12 
5.0785 	  	 1.8789E-12 
5.0929 	  	 1.9117E-12 
5.1073 	  	 1.9616E-12 
5.1217 	  	 2.0302E-12 
5.1362 	  	 2.1189E-12 
5.1506 	  	 2.2292E-12 
5.1650 	  	 2.3620E-12 
5.1795 	  	 2.5162E-12 
5.1939 	  	 2.6902E-12 
5.2083 	  	 2.8824E-12 
5.2227 	  	 3.0913E-12 
5.2372 	  	 3.3153E-12 
5.2516 	  	 3.5528E-12 
5.2660 	  	 3.8022E-12 
5.2805 	  	 4.0620E-12 
5.2949 	  	 4.3306E-12 
5.3093 	  	 4.6064E-12 
5.3237 	  	 4.8878E-12 
5.3382 	  	 5.1733E-12 
5.3526 	  	 5.4613E-12 
5.3670 	  	 5.7503E-12 
5.3815 	  	 6.0385E-12 
5.3959 	  	 6.3246E-12 
5.4103 	  	 6.6068E-12 
5.4247 	  	 6.8837E-12 
5.4392 	  	 7.1536E-12 
5.4536 	  	 7.4150E-12 
5.4680 	  	 7.6676E-12 
5.4825 	  	 7.9138E-12 
5.4969 	  	 8.1563E-12 
5.5113 	  	 8.3977E-12 
5.5258 	  	 8.6405E-12 
5.5402 	  	 8.8876E-12 
5.5546 	  	 9.1414E-12 
5.5690 	  	 9.4047E-12 
5.5835 	  	 9.6800E-12 
5.5979 	  	 9.9701E-12 
5.6123 	  	 1.0278E-11 
5.6268 	  	 1.0605E-11 
5.6412 	  	 1.0955E-11 
5.6556 	  	 1.1331E-11 
5.6700 	  	 1.1734E-11 
5.6845 	  	 1.2168E-11 
5.6989 	  	 1.2635E-11 
5.7133 	  	 1.3138E-11 
5.7278 	  	 1.3679E-11 
5.7422 	  	 1.4262E-11 
5.7566 	  	 1.4888E-11 
5.7710 	  	 1.5559E-11 
5.7855 	  	 1.6273E-11 
5.7999 	  	 1.7029E-11 
5.8143 	  	 1.7826E-11 
5.8288 	  	 1.8662E-11 
5.8432 	  	 1.9537E-11 
5.8576 	  	 2.0448E-11 
5.8720 	  	 2.1394E-11 
5.8865 	  	 2.2375E-11 
5.9009 	  	 2.3388E-11 
5.9153 	  	 2.4434E-11 
5.9298 	  	 2.5509E-11 
5.9442 	  	 2.6613E-11 
5.9586 	  	 2.7745E-11 
5.9730 	  	 2.8904E-11 
5.9875 	  	 3.0087E-11 
6.0019 	  	 3.1294E-11 
6.0163 	  	 3.2524E-11 
6.0308 	  	 3.3774E-11 
6.0452 	  	 3.5045E-11 
6.0596 	  	 3.6334E-11 
6.0740 	  	 3.7639E-11 
6.0885 	  	 3.8960E-11 
6.1029 	  	 4.0295E-11 
6.1173 	  	 4.1641E-11 
6.1318 	  	 4.2998E-11 
6.1462 	  	 4.4362E-11 
6.1606 	  	 4.5733E-11 
6.1751 	  	 4.7109E-11 
6.1895 	  	 4.8489E-11 
6.2039 	  	 4.9869E-11 
6.2183 	  	 5.1250E-11 
6.2328 	  	 5.2628E-11 
6.2472 	  	 5.4002E-11 
6.2616 	  	 5.5371E-11 
6.2761 	  	 5.6733E-11 
6.2905 	  	 5.8086E-11 
6.3049 	  	 5.9428E-11 
6.3193 	  	 6.0758E-11 
6.3338 	  	 6.2074E-11 
6.3482 	  	 6.3374E-11 
6.3626 	  	 6.4656E-11 
6.3771 	  	 6.5918E-11 
6.3915 	  	 6.7157E-11 
6.4059 	  	 6.8370E-11 
6.4203 	  	 6.9554E-11 
6.4348 	  	 7.0706E-11 
6.4492 	  	 7.1824E-11 
6.4636 	  	 7.2903E-11 
6.4781 	  	 7.3943E-11 
6.4925 	  	 7.4939E-11 
6.5069 	  	 7.5889E-11 
6.5213 	  	 7.6790E-11 
6.5358 	  	 7.7639E-11 
6.5502 	  	 7.8433E-11 
6.5646 	  	 7.9169E-11 
6.5791 	  	 7.9845E-11 
6.5935 	  	 8.0457E-11 
6.6079 	  	 8.1003E-11 
6.6223 	  	 8.1479E-11 
6.6368 	  	 8.1884E-11 
6.6512 	  	 8.2213E-11 
6.6656 	  	 8.2466E-11 
6.6801 	  	 8.2645E-11 
6.6945 	  	 8.2752E-11 
6.7089 	  	 8.2792E-11 
6.7233 	  	 8.2767E-11 
6.7378 	  	 8.2679E-11 
6.7522 	  	 8.2534E-11 
6.7666 	  	 8.2332E-11 
6.7811 	  	 8.2079E-11 
6.7955 	  	 8.1776E-11 
6.8099 	  	 8.1427E-11 
6.8243 	  	 8.1035E-11 
6.8388 	  	 8.0603E-11 
6.8532 	  	 8.0135E-11 
6.8676 	  	 7.9633E-11 
6.8821 	  	 7.9100E-11 
6.8965 	  	 7.8540E-11 
6.9109 	  	 7.7956E-11 
6.9254 	  	 7.7350E-11 
6.9398 	  	 7.6727E-11 
6.9542 	  	 7.6089E-11 
6.9686 	  	 7.5437E-11 
6.9831 	  	 7.4770E-11 
6.9975 	  	 7.4087E-11 
7.0119 	  	 7.3386E-11 
7.0264 	  	 7.2664E-11 
7.0408 	  	 7.1921E-11 
7.0552 	  	 7.1154E-11 
7.0696 	  	 7.0362E-11 
7.0841 	  	 6.9543E-11 
7.0985 	  	 6.8696E-11 
7.1129 	  	 6.7818E-11 
7.1274 	  	 6.6908E-11 
7.1418 	  	 6.5964E-11 
7.1562 	  	 6.4985E-11 
7.1706 	  	 6.3968E-11 
7.1851 	  	 6.2912E-11 
7.1995 	  	 6.1816E-11 
7.2139 	  	 6.0677E-11 
7.2284 	  	 5.9494E-11 
7.2428 	  	 5.8265E-11 
7.2572 	  	 5.6988E-11 
7.2716 	  	 5.5666E-11 
7.2861 	  	 5.4304E-11 
7.3005 	  	 5.2907E-11 
7.3149 	  	 5.1482E-11 
7.3294 	  	 5.0032E-11 
7.3438 	  	 4.8565E-11 
7.3582 	  	 4.7085E-11 
7.3726 	  	 4.5599E-11 
7.3871 	  	 4.4111E-11 
7.4015 	  	 4.2627E-11 
7.4159 	  	 4.1154E-11 
7.4304 	  	 3.9695E-11 
7.4448 	  	 3.8258E-11 
7.4592 	  	 3.6847E-11 
7.4736 	  	 3.5468E-11 
7.4881 	  	 3.4126E-11 
7.5025 	  	 3.2828E-11 
7.5169 	  	 3.1578E-11 
7.5314 	  	 3.0383E-11 
7.5458 	  	 2.9247E-11 
7.5602 	  	 2.8176E-11 
7.5746 	  	 2.7170E-11 
7.5891 	  	 2.6224E-11 
7.6035 	  	 2.5336E-11 
7.6179 	  	 2.4503E-11 
7.6324 	  	 2.3720E-11 
7.6468 	  	 2.2984E-11 
7.6612 	  	 2.2292E-11 
7.6757 	  	 2.1640E-11 
7.6901 	  	 2.1025E-11 
7.7045 	  	 2.0444E-11 
7.7189 	  	 1.9892E-11 
7.7334 	  	 1.9367E-11 
7.7478 	  	 1.8865E-11 
7.7622 	  	 1.8383E-11 
7.7767 	  	 1.7916E-11 
7.7911 	  	 1.7463E-11 
7.8055 	  	 1.7018E-11 
7.8199 	  	 1.6580E-11 
7.8344 	  	 1.6143E-11 
7.8488 	  	 1.5706E-11 
7.8632 	  	 1.5264E-11 
7.8777 	  	 1.4819E-11 
7.8921 	  	 1.4370E-11 
7.9065 	  	 1.3920E-11 
7.9209 	  	 1.3469E-11 
7.9354 	  	 1.3018E-11 
7.9498 	  	 1.2569E-11 
7.9642 	  	 1.2122E-11 
7.9787 	  	 1.1678E-11 
7.9931 	  	 1.1239E-11 
8.0075 	  	 1.0805E-11 
8.0219 	  	 1.0378E-11 
8.0364 	  	 9.9586E-12 
8.0508 	  	 9.5478E-12 
8.0652 	  	 9.1467E-12 
8.0797 	  	 8.7564E-12 
8.0941 	  	 8.3779E-12 
8.1085 	  	 8.0123E-12 
8.1229 	  	 7.6607E-12 
8.1374 	  	 7.3240E-12 
8.1518 	  	 7.0034E-12 
8.1662 	  	 6.6994E-12 
8.1807 	  	 6.4118E-12 
8.1951 	  	 6.1398E-12 
8.2095 	  	 5.8831E-12 
8.2239 	  	 5.6409E-12 
8.2384 	  	 5.4127E-12 
8.2528 	  	 5.1979E-12 
8.2672 	  	 4.9960E-12 
8.2817 	  	 4.8063E-12 
8.2961 	  	 4.6284E-12 
8.3105 	  	 4.4616E-12 
8.3249 	  	 4.3053E-12 
8.3394 	  	 4.1590E-12 
8.3538 	  	 4.0220E-12 
8.3682 	  	 3.8939E-12 
8.3827 	  	 3.7741E-12 
8.3971 	  	 3.6619E-12 
8.4115 	  	 3.5568E-12 
8.4260 	  	 3.4582E-12 
8.4404 	  	 3.3655E-12 
8.4548 	  	 3.2783E-12 
8.4692 	  	 3.1959E-12 
8.4837 	  	 3.1182E-12 
8.4981 	  	 3.0451E-12 
8.5125 	  	 2.9762E-12 
8.5270 	  	 2.9114E-12 
8.5414 	  	 2.8504E-12 
8.5558 	  	 2.7930E-12 
8.5702 	  	 2.7391E-12 
8.5847 	  	 2.6884E-12 
8.5991 	  	 2.6408E-12 
8.6135 	  	 2.5959E-12 
8.6280 	  	 2.5536E-12 
8.6424 	  	 2.5136E-12 
8.6568 	  	 2.4758E-12 
8.6712 	  	 2.4400E-12 
8.6857 	  	 2.4059E-12 
8.7001 	  	 2.3733E-12 
8.7145 	  	 2.3421E-12 
8.7290 	  	 2.3119E-12 
8.7434 	  	 2.2827E-12 
8.7578 	  	 2.2541E-12 
8.7722 	  	 2.2261E-12 
8.7867 	  	 2.1988E-12 
8.8011 	  	 2.1721E-12 
8.8155 	  	 2.1461E-12 
8.8300 	  	 2.1208E-12 
8.8444 	  	 2.0963E-12 
8.8588 	  	 2.0725E-12 
8.8732 	  	 2.0496E-12 
8.8877 	  	 2.0275E-12 
8.9021 	  	 2.0062E-12 
8.9165 	  	 1.9859E-12 
8.9310 	  	 1.9665E-12 
8.9454 	  	 1.9481E-12 
8.9598 	  	 1.9306E-12 
8.9742 	  	 1.9142E-12 
8.9887 	  	 1.8988E-12 
9.0031 	  	 1.8845E-12 
9.0175 	  	 1.8713E-12 
9.0320 	  	 1.8592E-12 
9.0464 	  	 1.8484E-12 
9.0608 	  	 1.8387E-12 
9.0753 	  	 1.8301E-12 
9.0897 	  	 1.8226E-12 
9.1041 	  	 1.8161E-12 
9.1185 	  	 1.8106E-12 
9.1330 	  	 1.8058E-12 
9.1474 	  	 1.8017E-12 
9.1618 	  	 1.7983E-12 
9.1763 	  	 1.7955E-12 
9.1907 	  	 1.7932E-12 
9.2051 	  	 1.7913E-12 
9.2195 	  	 1.7897E-12 
9.2340 	  	 1.7884E-12 
9.2484 	  	 1.7872E-12 
9.2628 	  	 1.7861E-12 
9.2773 	  	 1.7850E-12 
9.2917 	  	 1.7838E-12 
9.3061 	  	 1.7824E-12 
9.3205 	  	 1.7808E-12 
9.3350 	  	 1.7789E-12 
9.3494 	  	 1.7766E-12 
9.3638 	  	 1.7737E-12 
9.3783 	  	 1.7704E-12 
9.3927 	  	 1.7665E-12 
9.4071 	  	 1.7620E-12 
9.4215 	  	 1.7569E-12 
9.4360 	  	 1.7512E-12 
9.4504 	  	 1.7448E-12 
9.4648 	  	 1.7377E-12 
9.4793 	  	 1.7299E-12 
9.4937 	  	 1.7214E-12 
9.5081 	  	 1.7120E-12 
9.5225 	  	 1.7019E-12 
9.5370 	  	 1.6909E-12 
9.5514 	  	 1.6791E-12 
9.5658 	  	 1.6664E-12 
9.5803 	  	 1.6528E-12 
9.5947 	  	 1.6382E-12 
9.6091 	  	 1.6226E-12 
9.6235 	  	 1.6061E-12 
9.6380 	  	 1.5885E-12 
9.6524 	  	 1.5699E-12 
9.6668 	  	 1.5502E-12 
9.6813 	  	 1.5295E-12 
9.6957 	  	 1.5078E-12 
9.7101 	  	 1.4853E-12 
9.7245 	  	 1.4619E-12 
9.7390 	  	 1.4377E-12 
9.7534 	  	 1.4129E-12 
9.7678 	  	 1.3873E-12 
9.7823 	  	 1.3612E-12 
9.7967 	  	 1.3345E-12 
9.8111 	  	 1.3074E-12 
9.8256 	  	 1.2798E-12 
9.8400 	  	 1.2519E-12 
9.8544 	  	 1.2237E-12 
9.8688 	  	 1.1952E-12 
9.8833 	  	 1.1665E-12 
9.8977 	  	 1.1377E-12 
9.9121 	  	 1.1089E-12 
9.9266 	  	 1.0800E-12 
9.9410 	  	 1.0512E-12 
9.9554 	  	 1.0225E-12 
9.9698 	  	 9.9392E-13 
9.9843 	  	 9.6555E-13 
9.9987 	  	 9.3738E-13 
10.0131 	  	 9.0945E-13 
10.0276 	  	 8.8177E-13 
10.0420 	  	 8.5438E-13 
10.0564 	  	 8.2729E-13 
10.0708 	  	 8.0054E-13 
10.0853 	  	 7.7415E-13 
10.0997 	  	 7.4814E-13 
10.1141 	  	 7.2254E-13 
10.1286 	  	 6.9737E-13 
10.1430 	  	 6.7267E-13 
10.1574 	  	 6.4846E-13 
10.1718 	  	 6.2475E-13 
10.1863 	  	 6.0158E-13 
10.2007 	  	 5.7898E-13 
10.2151 	  	 5.5696E-13 
10.2296 	  	 5.3555E-13 
10.2440 	  	 5.1479E-13 
10.2584 	  	 4.9468E-13 
10.2728 	  	 4.7525E-13 
10.2873 	  	 4.5646E-13 
10.3017 	  	 4.3832E-13 
10.3161 	  	 4.2080E-13 
10.3306 	  	 4.0390E-13 
10.3450 	  	 3.8759E-13 
10.3594 	  	 3.7188E-13 
10.3738 	  	 3.5674E-13 
10.3883 	  	 3.4215E-13 
10.4027 	  	 3.2812E-13 
10.4171 	  	 3.1462E-13 
10.4316 	  	 3.0164E-13 
10.4460 	  	 2.8917E-13 
10.4604 	  	 2.7719E-13 
10.4748 	  	 2.6569E-13 
10.4893 	  	 2.5466E-13 
10.5037 	  	 2.4408E-13 
10.5181 	  	 2.3395E-13 
10.5326 	  	 2.2424E-13 
10.5470 	  	 2.1494E-13 
10.5614 	  	 2.0605E-13 
10.5759 	  	 1.9755E-13 
10.5903 	  	 1.8942E-13 
10.6047 	  	 1.8165E-13 
10.6191 	  	 1.7422E-13 
10.6336 	  	 1.6714E-13 
10.6480 	  	 1.6037E-13 
10.6624 	  	 1.5391E-13 
10.6769 	  	 1.4775E-13 
10.6913 	  	 1.4186E-13 
10.7057 	  	 1.3625E-13 
10.7201 	  	 1.3089E-13 
10.7346 	  	 1.2577E-13 
10.7490 	  	 1.2088E-13 
10.7634 	  	 1.1621E-13 
10.7779 	  	 1.1173E-13 
10.7923 	  	 1.0745E-13 
10.8067 	  	 1.0334E-13 
10.8211 	  	 9.9388E-14 
10.8356 	  	 9.5588E-14 
10.8500 	  	 9.1923E-14 
