# lg(E/GeV)  J(z=1) E^2 (GeV cm-2 sr-1 s-1)   (zmax = 1, m = -3) 
3.6500 	 3.8285E-12 	  
3.6644 	 3.8471E-12 	  
3.6789 	 3.8641E-12 	  
3.6933 	 3.8795E-12 	  
3.7077 	 3.8934E-12 	  
3.7221 	 3.9057E-12 	  
3.7366 	 3.9164E-12 	  
3.7510 	 3.9255E-12 	  
3.7654 	 3.9330E-12 	  
3.7799 	 3.9389E-12 	  
3.7943 	 3.9431E-12 	  
3.8087 	 3.9458E-12 	  
3.8231 	 3.9467E-12 	  
3.8376 	 3.9460E-12 	  
3.8520 	 3.9436E-12 	  
3.8664 	 3.9396E-12 	  
3.8809 	 3.9338E-12 	  
3.8953 	 3.9264E-12 	  
3.9097 	 3.9172E-12 	  
3.9241 	 3.9063E-12 	  
3.9386 	 3.8937E-12 	  
3.9530 	 3.8794E-12 	  
3.9674 	 3.8632E-12 	  
3.9819 	 3.8454E-12 	  
3.9963 	 3.8257E-12 	  
4.0107 	 3.8043E-12 	  
4.0252 	 3.7811E-12 	  
4.0396 	 3.7560E-12 	  
4.0540 	 3.7292E-12 	  
4.0684 	 3.7005E-12 	  
4.0829 	 3.6700E-12 	  
4.0973 	 3.6377E-12 	  
4.1117 	 3.6035E-12 	  
4.1262 	 3.5674E-12 	  
4.1406 	 3.5295E-12 	  
4.1550 	 3.4896E-12 	  
4.1694 	 3.4479E-12 	  
4.1839 	 3.4043E-12 	  
4.1983 	 3.3587E-12 	  
4.2127 	 3.3113E-12 	  
4.2272 	 3.2619E-12 	  
4.2416 	 3.2105E-12 	  
4.2560 	 3.1572E-12 	  
4.2704 	 3.1021E-12 	  
4.2849 	 3.0456E-12 	  
4.2993 	 2.9879E-12 	  
4.3137 	 2.9296E-12 	  
4.3282 	 2.8709E-12 	  
4.3426 	 2.8123E-12 	  
4.3570 	 2.7540E-12 	  
4.3714 	 2.6965E-12 	  
4.3859 	 2.6401E-12 	  
4.4003 	 2.5851E-12 	  
4.4147 	 2.5321E-12 	  
4.4292 	 2.4812E-12 	  
4.4436 	 2.4330E-12 	  
4.4580 	 2.3876E-12 	  
4.4724 	 2.3456E-12 	  
4.4869 	 2.3073E-12 	  
4.5013 	 2.2731E-12 	  
4.5157 	 2.2432E-12 	  
4.5302 	 2.2181E-12 	  
4.5446 	 2.1982E-12 	  
4.5590 	 2.1838E-12 	  
4.5734 	 2.1745E-12 	  
4.5879 	 2.1698E-12 	  
4.6023 	 2.1689E-12 	  
4.6167 	 2.1711E-12 	  
4.6312 	 2.1757E-12 	  
4.6456 	 2.1820E-12 	  
4.6600 	 2.1894E-12 	  
4.6744 	 2.1970E-12 	  
4.6889 	 2.2043E-12 	  
4.7033 	 2.2106E-12 	  
4.7177 	 2.2150E-12 	  
4.7322 	 2.2170E-12 	  
4.7466 	 2.2158E-12 	  
4.7610 	 2.2107E-12 	  
4.7755 	 2.2010E-12 	  
4.7899 	 2.1861E-12 	  
4.8043 	 2.1652E-12 	  
4.8187 	 2.1377E-12 	  
4.8332 	 2.1028E-12 	  
4.8476 	 2.0598E-12 	  
4.8620 	 2.0082E-12 	  
4.8765 	 1.9490E-12 	  
4.8909 	 1.8837E-12 	  
4.9053 	 1.8137E-12 	  
4.9197 	 1.7406E-12 	  
4.9342 	 1.6658E-12 	  
4.9486 	 1.5909E-12 	  
4.9630 	 1.5173E-12 	  
4.9775 	 1.4465E-12 	  
4.9919 	 1.3800E-12 	  
5.0063 	 1.3193E-12 	  
5.0207 	 1.2660E-12 	  
5.0352 	 1.2214E-12 	  
5.0496 	 1.1871E-12 	  
5.0640 	 1.1647E-12 	  
5.0785 	 1.1555E-12 	  
5.0929 	 1.1611E-12 	  
5.1073 	 1.1829E-12 	  
5.1217 	 1.2226E-12 	  
5.1362 	 1.2815E-12 	  
5.1506 	 1.3611E-12 	  
5.1650 	 1.4624E-12 	  
5.1795 	 1.5838E-12 	  
5.1939 	 1.7236E-12 	  
5.2083 	 1.8796E-12 	  
5.2227 	 2.0501E-12 	  
5.2372 	 2.2331E-12 	  
5.2516 	 2.4266E-12 	  
5.2660 	 2.6288E-12 	  
5.2805 	 2.8378E-12 	  
5.2949 	 3.0515E-12 	  
5.3093 	 3.2682E-12 	  
5.3237 	 3.4858E-12 	  
5.3382 	 3.7024E-12 	  
5.3526 	 3.9162E-12 	  
5.3670 	 4.1252E-12 	  
5.3815 	 4.3275E-12 	  
5.3959 	 4.5211E-12 	  
5.4103 	 4.7042E-12 	  
5.4247 	 4.8747E-12 	  
5.4392 	 5.0309E-12 	  
5.4536 	 5.1707E-12 	  
5.4680 	 5.2941E-12 	  
5.4825 	 5.4041E-12 	  
5.4969 	 5.5044E-12 	  
5.5113 	 5.5984E-12 	  
5.5258 	 5.6897E-12 	  
5.5402 	 5.7819E-12 	  
5.5546 	 5.8786E-12 	  
5.5690 	 5.9832E-12 	  
5.5835 	 6.0994E-12 	  
5.5979 	 6.2306E-12 	  
5.6123 	 6.3805E-12 	  
5.6268 	 6.5525E-12 	  
5.6412 	 6.7504E-12 	  
5.6556 	 6.9774E-12 	  
5.6700 	 7.2374E-12 	  
5.6845 	 7.5337E-12 	  
5.6989 	 7.8700E-12 	  
5.7133 	 8.2498E-12 	  
5.7278 	 8.6766E-12 	  
5.7422 	 9.1540E-12 	  
5.7566 	 9.6855E-12 	  
5.7710 	 1.0271E-11 	  
5.7855 	 1.0908E-11 	  
5.7999 	 1.1592E-11 	  
5.8143 	 1.2321E-11 	  
5.8288 	 1.3090E-11 	  
5.8432 	 1.3896E-11 	  
5.8576 	 1.4736E-11 	  
5.8720 	 1.5606E-11 	  
5.8865 	 1.6503E-11 	  
5.9009 	 1.7423E-11 	  
5.9153 	 1.8363E-11 	  
5.9298 	 1.9319E-11 	  
5.9442 	 2.0289E-11 	  
5.9586 	 2.1267E-11 	  
5.9730 	 2.2252E-11 	  
5.9875 	 2.3239E-11 	  
6.0019 	 2.4225E-11 	  
6.0163 	 2.5206E-11 	  
6.0308 	 2.6180E-11 	  
6.0452 	 2.7142E-11 	  
6.0596 	 2.8090E-11 	  
6.0740 	 2.9024E-11 	  
6.0885 	 2.9947E-11 	  
6.1029 	 3.0862E-11 	  
6.1173 	 3.1772E-11 	  
6.1318 	 3.2680E-11 	  
6.1462 	 3.3590E-11 	  
6.1606 	 3.4504E-11 	  
6.1751 	 3.5425E-11 	  
6.1895 	 3.6356E-11 	  
6.2039 	 3.7301E-11 	  
6.2183 	 3.8262E-11 	  
6.2328 	 3.9243E-11 	  
6.2472 	 4.0246E-11 	  
6.2616 	 4.1275E-11 	  
6.2761 	 4.2333E-11 	  
6.2905 	 4.3422E-11 	  
6.3049 	 4.4546E-11 	  
6.3193 	 4.5707E-11 	  
6.3338 	 4.6910E-11 	  
6.3482 	 4.8156E-11 	  
6.3626 	 4.9447E-11 	  
6.3771 	 5.0779E-11 	  
6.3915 	 5.2142E-11 	  
6.4059 	 5.3529E-11 	  
6.4203 	 5.4931E-11 	  
6.4348 	 5.6339E-11 	  
6.4492 	 5.7746E-11 	  
6.4636 	 5.9143E-11 	  
6.4781 	 6.0522E-11 	  
6.4925 	 6.1874E-11 	  
6.5069 	 6.3192E-11 	  
6.5213 	 6.4466E-11 	  
6.5358 	 6.5689E-11 	  
6.5502 	 6.6852E-11 	  
6.5646 	 6.7947E-11 	  
6.5791 	 6.8966E-11 	  
6.5935 	 6.9900E-11 	  
6.6079 	 7.0741E-11 	  
6.6223 	 7.1481E-11 	  
6.6368 	 7.2112E-11 	  
6.6512 	 7.2624E-11 	  
6.6656 	 7.3014E-11 	  
6.6801 	 7.3285E-11 	  
6.6945 	 7.3447E-11 	  
6.7089 	 7.3506E-11 	  
6.7233 	 7.3469E-11 	  
6.7378 	 7.3343E-11 	  
6.7522 	 7.3137E-11 	  
6.7666 	 7.2857E-11 	  
6.7811 	 7.2511E-11 	  
6.7955 	 7.2105E-11 	  
6.8099 	 7.1648E-11 	  
6.8243 	 7.1147E-11 	  
6.8388 	 7.0608E-11 	  
6.8532 	 7.0040E-11 	  
6.8676 	 6.9449E-11 	  
6.8821 	 6.8843E-11 	  
6.8965 	 6.8229E-11 	  
6.9109 	 6.7614E-11 	  
6.9254 	 6.7007E-11 	  
6.9398 	 6.6413E-11 	  
6.9542 	 6.5841E-11 	  
6.9686 	 6.5293E-11 	  
6.9831 	 6.4766E-11 	  
6.9975 	 6.4254E-11 	  
7.0119 	 6.3752E-11 	  
7.0264 	 6.3257E-11 	  
7.0408 	 6.2762E-11 	  
7.0552 	 6.2263E-11 	  
7.0696 	 6.1755E-11 	  
7.0841 	 6.1234E-11 	  
7.0985 	 6.0694E-11 	  
7.1129 	 6.0130E-11 	  
7.1274 	 5.9538E-11 	  
7.1418 	 5.8913E-11 	  
7.1562 	 5.8249E-11 	  
7.1706 	 5.7543E-11 	  
7.1851 	 5.6789E-11 	  
7.1995 	 5.5982E-11 	  
7.2139 	 5.5117E-11 	  
7.2284 	 5.4190E-11 	  
7.2428 	 5.3196E-11 	  
7.2572 	 5.2130E-11 	  
7.2716 	 5.0993E-11 	  
7.2861 	 4.9793E-11 	  
7.3005 	 4.8537E-11 	  
7.3149 	 4.7232E-11 	  
7.3294 	 4.5886E-11 	  
7.3438 	 4.4507E-11 	  
7.3582 	 4.3101E-11 	  
7.3726 	 4.1677E-11 	  
7.3871 	 4.0242E-11 	  
7.4015 	 3.8803E-11 	  
7.4159 	 3.7368E-11 	  
7.4304 	 3.5944E-11 	  
7.4448 	 3.4539E-11 	  
7.4592 	 3.3160E-11 	  
7.4736 	 3.1814E-11 	  
7.4881 	 3.0510E-11 	  
7.5025 	 2.9254E-11 	  
7.5169 	 2.8054E-11 	  
7.5314 	 2.6918E-11 	  
7.5458 	 2.5853E-11 	  
7.5602 	 2.4865E-11 	  
7.5746 	 2.3955E-11 	  
7.5891 	 2.3117E-11 	  
7.6035 	 2.2347E-11 	  
7.6179 	 2.1640E-11 	  
7.6324 	 2.0992E-11 	  
7.6468 	 2.0398E-11 	  
7.6612 	 1.9853E-11 	  
7.6757 	 1.9352E-11 	  
7.6901 	 1.8891E-11 	  
7.7045 	 1.8465E-11 	  
7.7189 	 1.8070E-11 	  
7.7334 	 1.7700E-11 	  
7.7478 	 1.7351E-11 	  
7.7622 	 1.7019E-11 	  
7.7767 	 1.6698E-11 	  
7.7911 	 1.6384E-11 	  
7.8055 	 1.6073E-11 	  
7.8199 	 1.5759E-11 	  
7.8344 	 1.5438E-11 	  
7.8488 	 1.5105E-11 	  
7.8632 	 1.4757E-11 	  
7.8777 	 1.4393E-11 	  
7.8921 	 1.4015E-11 	  
7.9065 	 1.3626E-11 	  
7.9209 	 1.3227E-11 	  
7.9354 	 1.2819E-11 	  
7.9498 	 1.2404E-11 	  
7.9642 	 1.1984E-11 	  
7.9787 	 1.1561E-11 	  
7.9931 	 1.1137E-11 	  
8.0075 	 1.0712E-11 	  
8.0219 	 1.0289E-11 	  
8.0364 	 9.8703E-12 	  
8.0508 	 9.4563E-12 	  
8.0652 	 9.0493E-12 	  
8.0797 	 8.6510E-12 	  
8.0941 	 8.2630E-12 	  
8.1085 	 7.8871E-12 	  
8.1229 	 7.5250E-12 	  
8.1374 	 7.1783E-12 	  
8.1518 	 6.8489E-12 	  
8.1662 	 6.5379E-12 	  
8.1807 	 6.2448E-12 	  
8.1951 	 5.9689E-12 	  
8.2095 	 5.7096E-12 	  
8.2239 	 5.4661E-12 	  
8.2384 	 5.2378E-12 	  
8.2528 	 5.0239E-12 	  
8.2672 	 4.8238E-12 	  
8.2817 	 4.6367E-12 	  
8.2961 	 4.4620E-12 	  
8.3105 	 4.2990E-12 	  
8.3249 	 4.1470E-12 	  
8.3394 	 4.0053E-12 	  
8.3538 	 3.8732E-12 	  
8.3682 	 3.7499E-12 	  
8.3827 	 3.6349E-12 	  
8.3971 	 3.5274E-12 	  
8.4115 	 3.4267E-12 	  
8.4260 	 3.3321E-12 	  
8.4404 	 3.2429E-12 	  
8.4548 	 3.1585E-12 	  
8.4692 	 3.0783E-12 	  
8.4837 	 3.0021E-12 	  
8.4981 	 2.9299E-12 	  
8.5125 	 2.8613E-12 	  
8.5270 	 2.7963E-12 	  
8.5414 	 2.7347E-12 	  
8.5558 	 2.6764E-12 	  
8.5702 	 2.6210E-12 	  
8.5847 	 2.5686E-12 	  
8.5991 	 2.5189E-12 	  
8.6135 	 2.4718E-12 	  
8.6280 	 2.4271E-12 	  
8.6424 	 2.3846E-12 	  
8.6568 	 2.3442E-12 	  
8.6712 	 2.3057E-12 	  
8.6857 	 2.2689E-12 	  
8.7001 	 2.2337E-12 	  
8.7145 	 2.1999E-12 	  
8.7290 	 2.1674E-12 	  
8.7434 	 2.1359E-12 	  
8.7578 	 2.1054E-12 	  
8.7722 	 2.0757E-12 	  
8.7867 	 2.0469E-12 	  
8.8011 	 2.0190E-12 	  
8.8155 	 1.9920E-12 	  
8.8300 	 1.9660E-12 	  
8.8444 	 1.9409E-12 	  
8.8588 	 1.9168E-12 	  
8.8732 	 1.8937E-12 	  
8.8877 	 1.8716E-12 	  
8.9021 	 1.8506E-12 	  
8.9165 	 1.8306E-12 	  
8.9310 	 1.8118E-12 	  
8.9454 	 1.7940E-12 	  
8.9598 	 1.7773E-12 	  
8.9742 	 1.7618E-12 	  
8.9887 	 1.7475E-12 	  
9.0031 	 1.7344E-12 	  
9.0175 	 1.7225E-12 	  
9.0320 	 1.7118E-12 	  
9.0464 	 1.7024E-12 	  
9.0608 	 1.6942E-12 	  
9.0753 	 1.6873E-12 	  
9.0897 	 1.6814E-12 	  
9.1041 	 1.6767E-12 	  
9.1185 	 1.6729E-12 	  
9.1330 	 1.6700E-12 	  
9.1474 	 1.6679E-12 	  
9.1618 	 1.6665E-12 	  
9.1763 	 1.6657E-12 	  
9.1907 	 1.6655E-12 	  
9.2051 	 1.6657E-12 	  
9.2195 	 1.6663E-12 	  
9.2340 	 1.6672E-12 	  
9.2484 	 1.6683E-12 	  
9.2628 	 1.6695E-12 	  
9.2773 	 1.6707E-12 	  
9.2917 	 1.6719E-12 	  
9.3061 	 1.6730E-12 	  
9.3205 	 1.6738E-12 	  
9.3350 	 1.6744E-12 	  
9.3494 	 1.6745E-12 	  
9.3638 	 1.6742E-12 	  
9.3783 	 1.6734E-12 	  
9.3927 	 1.6721E-12 	  
9.4071 	 1.6702E-12 	  
9.4215 	 1.6677E-12 	  
9.4360 	 1.6645E-12 	  
9.4504 	 1.6607E-12 	  
9.4648 	 1.6561E-12 	  
9.4793 	 1.6509E-12 	  
9.4937 	 1.6449E-12 	  
9.5081 	 1.6381E-12 	  
9.5225 	 1.6304E-12 	  
9.5370 	 1.6219E-12 	  
9.5514 	 1.6125E-12 	  
9.5658 	 1.6022E-12 	  
9.5803 	 1.5909E-12 	  
9.5947 	 1.5786E-12 	  
9.6091 	 1.5653E-12 	  
9.6235 	 1.5509E-12 	  
9.6380 	 1.5355E-12 	  
9.6524 	 1.5189E-12 	  
9.6668 	 1.5012E-12 	  
9.6813 	 1.4824E-12 	  
9.6957 	 1.4626E-12 	  
9.7101 	 1.4418E-12 	  
9.7245 	 1.4202E-12 	  
9.7390 	 1.3977E-12 	  
9.7534 	 1.3744E-12 	  
9.7678 	 1.3504E-12 	  
9.7823 	 1.3258E-12 	  
9.7967 	 1.3006E-12 	  
9.8111 	 1.2748E-12 	  
9.8256 	 1.2486E-12 	  
9.8400 	 1.2219E-12 	  
9.8544 	 1.1949E-12 	  
9.8688 	 1.1676E-12 	  
9.8833 	 1.1401E-12 	  
9.8977 	 1.1124E-12 	  
9.9121 	 1.0846E-12 	  
9.9266 	 1.0567E-12 	  
9.9410 	 1.0288E-12 	  
9.9554 	 1.0011E-12 	  
9.9698 	 9.7339E-13 	  
9.9843 	 9.4587E-13 	  
9.9987 	 9.1851E-13 	  
10.0131 	 8.9136E-13 	  
10.0276 	 8.6443E-13 	  
10.0420 	 8.3775E-13 	  
10.0564 	 8.1134E-13 	  
10.0708 	 7.8524E-13 	  
10.0853 	 7.5947E-13 	  
10.0997 	 7.3406E-13 	  
10.1141 	 7.0903E-13 	  
10.1286 	 6.8441E-13 	  
10.1430 	 6.6022E-13 	  
10.1574 	 6.3650E-13 	  
10.1718 	 6.1327E-13 	  
10.1863 	 5.9056E-13 	  
10.2007 	 5.6839E-13 	  
10.2151 	 5.4679E-13 	  
10.2296 	 5.2578E-13 	  
10.2440 	 5.0540E-13 	  
10.2584 	 4.8566E-13 	  
10.2728 	 4.6658E-13 	  
10.2873 	 4.4814E-13 	  
10.3017 	 4.3032E-13 	  
10.3161 	 4.1312E-13 	  
10.3306 	 3.9651E-13 	  
10.3450 	 3.8050E-13 	  
10.3594 	 3.6506E-13 	  
10.3738 	 3.5018E-13 	  
10.3883 	 3.3586E-13 	  
10.4027 	 3.2207E-13 	  
10.4171 	 3.0880E-13 	  
10.4316 	 2.9604E-13 	  
10.4460 	 2.8378E-13 	  
10.4604 	 2.7201E-13 	  
10.4748 	 2.6071E-13 	  
10.4893 	 2.4986E-13 	  
10.5037 	 2.3947E-13 	  
10.5181 	 2.2950E-13 	  
10.5326 	 2.1996E-13 	  
10.5470 	 2.1082E-13 	  
10.5614 	 2.0208E-13 	  
10.5759 	 1.9372E-13 	  
10.5903 	 1.8573E-13 	  
10.6047 	 1.7809E-13 	  
10.6191 	 1.7079E-13 	  
10.6336 	 1.6383E-13 	  
10.6480 	 1.5718E-13 	  
10.6624 	 1.5084E-13 	  
10.6769 	 1.4478E-13 	  
10.6913 	 1.3901E-13 	  
10.7057 	 1.3350E-13 	  
10.7201 	 1.2824E-13 	  
10.7346 	 1.2322E-13 	  
10.7490 	 1.1843E-13 	  
10.7634 	 1.1385E-13 	  
10.7779 	 1.0947E-13 	  
10.7923 	 1.0528E-13 	  
10.8067 	 1.0127E-13 	  
10.8211 	 9.7415E-14 	  
10.8356 	 9.3710E-14 	  
10.8500 	 9.0141E-14 	  
