# log_{10}(E/GeV)  E^{2}J [GeV cm^{-2} sr^{-1} s^{-1}]   (zmax = 3, m = 3)
3.7   7.7437e-14
3.8   1.1758e-13
3.9   2.17407e-13
4     2.91136e-13
4.1   3.39413e-13
4.2   5.5989e-13
4.3   7.60205e-13
4.4   1.09631e-12
4.5   1.77253e-12
4.6   1.82351e-12
4.7   1.49496e-12
4.8   2.18594e-12
4.9   2.3443e-12
5     2.48544e-12
5.1   2.75113e-12
5.2   7.3078e-12
5.3   8.74242e-12
5.4   9.24538e-12
5.5   2.40206e-11
5.6   3.76318e-11
5.7   3.75666e-11
5.8   4.62013e-11
5.9   6.51518e-11
6     7.96374e-11
6.1   1.06776e-10
6.2   1.36609e-10
6.3   1.62062e-10
6.4   2.13674e-10
6.5   2.76669e-10
6.6   3.10841e-10
6.7   3.17912e-10
6.8   3.47631e-10
6.9   3.98739e-10
7     4.09172e-10
7.1   3.93026e-10
7.2   3.55399e-10
7.3   3.15701e-10
7.4   3.0009e-10
7.5   2.98393e-10
7.6   2.91622e-10
7.7   2.86022e-10
7.8   3.13704e-10
7.9   3.67393e-10
8     4.77279e-10
8.1   6.34592e-10
8.2   8.45395e-10
8.3   1.11532e-09
8.4   1.4228e-09
8.5   1.76724e-09
8.6   2.13681e-09
8.7   2.49406e-09
8.8   2.7975e-09
8.9   3.03326e-09
9     3.15204e-09
9.1   3.14145e-09
9.2   3.03017e-09
9.3   2.78697e-09
9.4   2.49249e-09
9.5   2.18779e-09
9.6   1.82934e-09
9.7   1.44942e-09
9.8   1.09768e-09
9.9   8.14039e-10
10    5.74547e-10
10.1  3.77161e-10
10.2  2.36518e-10
10.3  1.4258e-10
10.4  8.04831e-11
10.5  4.48221e-11
10.6  2.34399e-11
10.7  1.06355e-11
10.8  4.91942e-12
10.9  2.08198e-12
