# lg(E/GeV)  E^2 (GeV cm-2 sr-1 s-1)  (zmax = 1, m = 3) 
3.6500 	 3.4684E-12 	  
3.6644 	 3.5119E-12 	  
3.6789 	 3.5530E-12 	  
3.6933 	 3.5919E-12 	  
3.7077 	 3.6284E-12 	  
3.7221 	 3.6627E-12 	  
3.7366 	 3.6948E-12 	  
3.7510 	 3.7247E-12 	  
3.7654 	 3.7524E-12 	  
3.7799 	 3.7779E-12 	  
3.7943 	 3.8014E-12 	  
3.8087 	 3.8227E-12 	  
3.8231 	 3.8420E-12 	  
3.8376 	 3.8593E-12 	  
3.8520 	 3.8746E-12 	  
3.8664 	 3.8879E-12 	  
3.8809 	 3.8992E-12 	  
3.8953 	 3.9087E-12 	  
3.9097 	 3.9162E-12 	  
3.9241 	 3.9219E-12 	  
3.9386 	 3.9258E-12 	  
3.9530 	 3.9279E-12 	  
3.9674 	 3.9281E-12 	  
3.9819 	 3.9267E-12 	  
3.9963 	 3.9235E-12 	  
4.0107 	 3.9186E-12 	  
4.0252 	 3.9121E-12 	  
4.0396 	 3.9040E-12 	  
4.0540 	 3.8942E-12 	  
4.0684 	 3.8829E-12 	  
4.0829 	 3.8700E-12 	  
4.0973 	 3.8556E-12 	  
4.1117 	 3.8397E-12 	  
4.1262 	 3.8223E-12 	  
4.1406 	 3.8035E-12 	  
4.1550 	 3.7833E-12 	  
4.1694 	 3.7618E-12 	  
4.1839 	 3.7388E-12 	  
4.1983 	 3.7146E-12 	  
4.2127 	 3.6891E-12 	  
4.2272 	 3.6623E-12 	  
4.2416 	 3.6342E-12 	  
4.2560 	 3.6050E-12 	  
4.2704 	 3.5747E-12 	  
4.2849 	 3.5436E-12 	  
4.2993 	 3.5120E-12 	  
4.3137 	 3.4802E-12 	  
4.3282 	 3.4484E-12 	  
4.3426 	 3.4169E-12 	  
4.3570 	 3.3860E-12 	  
4.3714 	 3.3560E-12 	  
4.3859 	 3.3272E-12 	  
4.4003 	 3.2998E-12 	  
4.4147 	 3.2741E-12 	  
4.4292 	 3.2504E-12 	  
4.4436 	 3.2290E-12 	  
4.4580 	 3.2102E-12 	  
4.4724 	 3.1942E-12 	  
4.4869 	 3.1813E-12 	  
4.5013 	 3.1718E-12 	  
4.5157 	 3.1660E-12 	  
4.5302 	 3.1641E-12 	  
4.5446 	 3.1665E-12 	  
4.5590 	 3.1734E-12 	  
4.5734 	 3.1845E-12 	  
4.5879 	 3.1995E-12 	  
4.6023 	 3.2177E-12 	  
4.6167 	 3.2388E-12 	  
4.6312 	 3.2621E-12 	  
4.6456 	 3.2872E-12 	  
4.6600 	 3.3136E-12 	  
4.6744 	 3.3408E-12 	  
4.6889 	 3.3682E-12 	  
4.7033 	 3.3954E-12 	  
4.7177 	 3.4218E-12 	  
4.7322 	 3.4471E-12 	  
4.7466 	 3.4705E-12 	  
4.7610 	 3.4917E-12 	  
4.7755 	 3.5102E-12 	  
4.7899 	 3.5254E-12 	  
4.8043 	 3.5369E-12 	  
4.8187 	 3.5440E-12 	  
4.8332 	 3.5464E-12 	  
4.8476 	 3.5436E-12 	  
4.8620 	 3.5350E-12 	  
4.8765 	 3.5210E-12 	  
4.8909 	 3.5021E-12 	  
4.9053 	 3.4788E-12 	  
4.9197 	 3.4515E-12 	  
4.9342 	 3.4209E-12 	  
4.9486 	 3.3874E-12 	  
4.9630 	 3.3515E-12 	  
4.9775 	 3.3138E-12 	  
4.9919 	 3.2747E-12 	  
5.0063 	 3.2348E-12 	  
5.0207 	 3.1946E-12 	  
5.0352 	 3.1545E-12 	  
5.0496 	 3.1152E-12 	  
5.0640 	 3.0771E-12 	  
5.0785 	 3.0407E-12 	  
5.0929 	 3.0065E-12 	  
5.1073 	 2.9751E-12 	  
5.1217 	 2.9469E-12 	  
5.1362 	 2.9225E-12 	  
5.1506 	 2.9024E-12 	  
5.1650 	 2.8873E-12 	  
5.1795 	 2.8786E-12 	  
5.1939 	 2.8778E-12 	  
5.2083 	 2.8866E-12 	  
5.2227 	 2.9064E-12 	  
5.2372 	 2.9389E-12 	  
5.2516 	 2.9856E-12 	  
5.2660 	 3.0480E-12 	  
5.2805 	 3.1278E-12 	  
5.2949 	 3.2264E-12 	  
5.3093 	 3.3455E-12 	  
5.3237 	 3.4866E-12 	  
5.3382 	 3.6513E-12 	  
5.3526 	 3.8410E-12 	  
5.3670 	 4.0575E-12 	  
5.3815 	 4.3022E-12 	  
5.3959 	 4.5767E-12 	  
5.4103 	 4.8826E-12 	  
5.4247 	 5.2214E-12 	  
5.4392 	 5.5947E-12 	  
5.4536 	 6.0041E-12 	  
5.4680 	 6.4498E-12 	  
5.4825 	 6.9296E-12 	  
5.4969 	 7.4413E-12 	  
5.5113 	 7.9824E-12 	  
5.5258 	 8.5504E-12 	  
5.5402 	 9.1430E-12 	  
5.5546 	 9.7578E-12 	  
5.5690 	 1.0392E-11 	  
5.5835 	 1.1044E-11 	  
5.5979 	 1.1711E-11 	  
5.6123 	 1.2390E-11 	  
5.6268 	 1.3079E-11 	  
5.6412 	 1.3776E-11 	  
5.6556 	 1.4479E-11 	  
5.6700 	 1.5184E-11 	  
5.6845 	 1.5890E-11 	  
5.6989 	 1.6593E-11 	  
5.7133 	 1.7293E-11 	  
5.7278 	 1.7985E-11 	  
5.7422 	 1.8669E-11 	  
5.7566 	 1.9340E-11 	  
5.7710 	 2.0002E-11 	  
5.7855 	 2.0657E-11 	  
5.7999 	 2.1312E-11 	  
5.8143 	 2.1971E-11 	  
5.8288 	 2.2638E-11 	  
5.8432 	 2.3319E-11 	  
5.8576 	 2.4019E-11 	  
5.8720 	 2.4742E-11 	  
5.8865 	 2.5493E-11 	  
5.9009 	 2.6277E-11 	  
5.9153 	 2.7100E-11 	  
5.9298 	 2.7965E-11 	  
5.9442 	 2.8878E-11 	  
5.9586 	 2.9844E-11 	  
5.9730 	 3.0867E-11 	  
5.9875 	 3.1952E-11 	  
6.0019 	 3.3105E-11 	  
6.0163 	 3.4330E-11 	  
6.0308 	 3.5632E-11 	  
6.0452 	 3.7015E-11 	  
6.0596 	 3.8485E-11 	  
6.0740 	 4.0037E-11 	  
6.0885 	 4.1665E-11 	  
6.1029 	 4.3358E-11 	  
6.1173 	 4.5110E-11 	  
6.1318 	 4.6911E-11 	  
6.1462 	 4.8755E-11 	  
6.1606 	 5.0632E-11 	  
6.1751 	 5.2534E-11 	  
6.1895 	 5.4454E-11 	  
6.2039 	 5.6383E-11 	  
6.2183 	 5.8312E-11 	  
6.2328 	 6.0234E-11 	  
6.2472 	 6.2140E-11 	  
6.2616 	 6.4022E-11 	  
6.2761 	 6.5872E-11 	  
6.2905 	 6.7682E-11 	  
6.3049 	 6.9444E-11 	  
6.3193 	 7.1148E-11 	  
6.3338 	 7.2788E-11 	  
6.3482 	 7.4355E-11 	  
6.3626 	 7.5841E-11 	  
6.3771 	 7.7253E-11 	  
6.3915 	 7.8595E-11 	  
6.4059 	 7.9876E-11 	  
6.4203 	 8.1104E-11 	  
6.4348 	 8.2285E-11 	  
6.4492 	 8.3427E-11 	  
6.4636 	 8.4538E-11 	  
6.4781 	 8.5624E-11 	  
6.4925 	 8.6694E-11 	  
6.5069 	 8.7754E-11 	  
6.5213 	 8.8812E-11 	  
6.5358 	 8.9875E-11 	  
6.5502 	 9.0952E-11 	  
6.5646 	 9.2048E-11 	  
6.5791 	 9.3172E-11 	  
6.5935 	 9.4330E-11 	  
6.6079 	 9.5531E-11 	  
6.6223 	 9.6782E-11 	  
6.6368 	 9.8089E-11 	  
6.6512 	 9.9461E-11 	  
6.6656 	 1.0090E-10 	  
6.6801 	 1.0240E-10 	  
6.6945 	 1.0395E-10 	  
6.7089 	 1.0553E-10 	  
6.7233 	 1.0715E-10 	  
6.7378 	 1.0878E-10 	  
6.7522 	 1.1041E-10 	  
6.7666 	 1.1204E-10 	  
6.7811 	 1.1365E-10 	  
6.7955 	 1.1524E-10 	  
6.8099 	 1.1679E-10 	  
6.8243 	 1.1828E-10 	  
6.8388 	 1.1972E-10 	  
6.8532 	 1.2109E-10 	  
6.8676 	 1.2238E-10 	  
6.8821 	 1.2357E-10 	  
6.8965 	 1.2467E-10 	  
6.9109 	 1.2564E-10 	  
6.9254 	 1.2650E-10 	  
6.9398 	 1.2722E-10 	  
6.9542 	 1.2779E-10 	  
6.9686 	 1.2821E-10 	  
6.9831 	 1.2848E-10 	  
6.9975 	 1.2861E-10 	  
7.0119 	 1.2859E-10 	  
7.0264 	 1.2844E-10 	  
7.0408 	 1.2815E-10 	  
7.0552 	 1.2774E-10 	  
7.0696 	 1.2720E-10 	  
7.0841 	 1.2654E-10 	  
7.0985 	 1.2575E-10 	  
7.1129 	 1.2486E-10 	  
7.1274 	 1.2386E-10 	  
7.1418 	 1.2274E-10 	  
7.1562 	 1.2153E-10 	  
7.1706 	 1.2022E-10 	  
7.1851 	 1.1881E-10 	  
7.1995 	 1.1731E-10 	  
7.2139 	 1.1573E-10 	  
7.2284 	 1.1406E-10 	  
7.2428 	 1.1232E-10 	  
7.2572 	 1.1049E-10 	  
7.2716 	 1.0860E-10 	  
7.2861 	 1.0665E-10 	  
7.3005 	 1.0464E-10 	  
7.3149 	 1.0257E-10 	  
7.3294 	 1.0047E-10 	  
7.3438 	 9.8333E-11 	  
7.3582 	 9.6165E-11 	  
7.3726 	 9.3975E-11 	  
7.3871 	 9.1770E-11 	  
7.4015 	 8.9556E-11 	  
7.4159 	 8.7341E-11 	  
7.4304 	 8.5131E-11 	  
7.4448 	 8.2934E-11 	  
7.4592 	 8.0755E-11 	  
7.4736 	 7.8603E-11 	  
7.4881 	 7.6483E-11 	  
7.5025 	 7.4402E-11 	  
7.5169 	 7.2368E-11 	  
7.5314 	 7.0387E-11 	  
7.5458 	 6.8467E-11 	  
7.5602 	 6.6612E-11 	  
7.5746 	 6.4825E-11 	  
7.5891 	 6.3102E-11 	  
7.6035 	 6.1442E-11 	  
7.6179 	 5.9841E-11 	  
7.6324 	 5.8298E-11 	  
7.6468 	 5.6810E-11 	  
7.6612 	 5.5374E-11 	  
7.6757 	 5.3988E-11 	  
7.6901 	 5.2649E-11 	  
7.7045 	 5.1355E-11 	  
7.7189 	 5.0104E-11 	  
7.7334 	 4.8893E-11 	  
7.7478 	 4.7719E-11 	  
7.7622 	 4.6581E-11 	  
7.7767 	 4.5475E-11 	  
7.7911 	 4.4399E-11 	  
7.8055 	 4.3352E-11 	  
7.8199 	 4.2329E-11 	  
7.8344 	 4.1329E-11 	  
7.8488 	 4.0350E-11 	  
7.8632 	 3.9389E-11 	  
7.8777 	 3.8445E-11 	  
7.8921 	 3.7518E-11 	  
7.9065 	 3.6608E-11 	  
7.9209 	 3.5715E-11 	  
7.9354 	 3.4838E-11 	  
7.9498 	 3.3978E-11 	  
7.9642 	 3.3133E-11 	  
7.9787 	 3.2304E-11 	  
7.9931 	 3.1490E-11 	  
8.0075 	 3.0692E-11 	  
8.0219 	 2.9908E-11 	  
8.0364 	 2.9139E-11 	  
8.0508 	 2.8384E-11 	  
8.0652 	 2.7643E-11 	  
8.0797 	 2.6916E-11 	  
8.0941 	 2.6202E-11 	  
8.1085 	 2.5502E-11 	  
8.1229 	 2.4815E-11 	  
8.1374 	 2.4141E-11 	  
8.1518 	 2.3479E-11 	  
8.1662 	 2.2829E-11 	  
8.1807 	 2.2194E-11 	  
8.1951 	 2.1573E-11 	  
8.2095 	 2.0967E-11 	  
8.2239 	 2.0379E-11 	  
8.2384 	 1.9808E-11 	  
8.2528 	 1.9257E-11 	  
8.2672 	 1.8726E-11 	  
8.2817 	 1.8216E-11 	  
8.2961 	 1.7728E-11 	  
8.3105 	 1.7264E-11 	  
8.3249 	 1.6825E-11 	  
8.3394 	 1.6411E-11 	  
8.3538 	 1.6025E-11 	  
8.3682 	 1.5666E-11 	  
8.3827 	 1.5336E-11 	  
8.3971 	 1.5037E-11 	  
8.4115 	 1.4769E-11 	  
8.4260 	 1.4533E-11 	  
8.4404 	 1.4331E-11 	  
8.4548 	 1.4164E-11 	  
8.4692 	 1.4031E-11 	  
8.4837 	 1.3932E-11 	  
8.4981 	 1.3865E-11 	  
8.5125 	 1.3829E-11 	  
8.5270 	 1.3823E-11 	  
8.5414 	 1.3844E-11 	  
8.5558 	 1.3893E-11 	  
8.5702 	 1.3967E-11 	  
8.5847 	 1.4065E-11 	  
8.5991 	 1.4186E-11 	  
8.6135 	 1.4328E-11 	  
8.6280 	 1.4491E-11 	  
8.6424 	 1.4672E-11 	  
8.6568 	 1.4870E-11 	  
8.6712 	 1.5085E-11 	  
8.6857 	 1.5314E-11 	  
8.7001 	 1.5556E-11 	  
8.7145 	 1.5811E-11 	  
8.7290 	 1.6076E-11 	  
8.7434 	 1.6350E-11 	  
8.7578 	 1.6632E-11 	  
8.7722 	 1.6921E-11 	  
8.7867 	 1.7216E-11 	  
8.8011 	 1.7516E-11 	  
8.8155 	 1.7821E-11 	  
8.8300 	 1.8129E-11 	  
8.8444 	 1.8439E-11 	  
8.8588 	 1.8752E-11 	  
8.8732 	 1.9065E-11 	  
8.8877 	 1.9379E-11 	  
8.9021 	 1.9692E-11 	  
8.9165 	 2.0003E-11 	  
8.9310 	 2.0312E-11 	  
8.9454 	 2.0618E-11 	  
8.9598 	 2.0920E-11 	  
8.9742 	 2.1217E-11 	  
8.9887 	 2.1508E-11 	  
9.0031 	 2.1793E-11 	  
9.0175 	 2.2071E-11 	  
9.0320 	 2.2340E-11 	  
9.0464 	 2.2600E-11 	  
9.0608 	 2.2851E-11 	  
9.0753 	 2.3091E-11 	  
9.0897 	 2.3321E-11 	  
9.1041 	 2.3541E-11 	  
9.1185 	 2.3750E-11 	  
9.1330 	 2.3948E-11 	  
9.1474 	 2.4135E-11 	  
9.1618 	 2.4312E-11 	  
9.1763 	 2.4477E-11 	  
9.1907 	 2.4631E-11 	  
9.2051 	 2.4773E-11 	  
9.2195 	 2.4904E-11 	  
9.2340 	 2.5023E-11 	  
9.2484 	 2.5130E-11 	  
9.2628 	 2.5224E-11 	  
9.2773 	 2.5307E-11 	  
9.2917 	 2.5378E-11 	  
9.3061 	 2.5435E-11 	  
9.3205 	 2.5481E-11 	  
9.3350 	 2.5513E-11 	  
9.3494 	 2.5533E-11 	  
9.3638 	 2.5539E-11 	  
9.3783 	 2.5532E-11 	  
9.3927 	 2.5512E-11 	  
9.4071 	 2.5478E-11 	  
9.4215 	 2.5431E-11 	  
9.4360 	 2.5370E-11 	  
9.4504 	 2.5295E-11 	  
9.4648 	 2.5206E-11 	  
9.4793 	 2.5103E-11 	  
9.4937 	 2.4985E-11 	  
9.5081 	 2.4853E-11 	  
9.5225 	 2.4707E-11 	  
9.5370 	 2.4545E-11 	  
9.5514 	 2.4369E-11 	  
9.5658 	 2.4178E-11 	  
9.5803 	 2.3972E-11 	  
9.5947 	 2.3750E-11 	  
9.6091 	 2.3513E-11 	  
9.6235 	 2.3261E-11 	  
9.6380 	 2.2992E-11 	  
9.6524 	 2.2708E-11 	  
9.6668 	 2.2408E-11 	  
9.6813 	 2.2094E-11 	  
9.6957 	 2.1766E-11 	  
9.7101 	 2.1425E-11 	  
9.7245 	 2.1072E-11 	  
9.7390 	 2.0709E-11 	  
9.7534 	 2.0336E-11 	  
9.7678 	 1.9954E-11 	  
9.7823 	 1.9565E-11 	  
9.7967 	 1.9170E-11 	  
9.8111 	 1.8769E-11 	  
9.8256 	 1.8364E-11 	  
9.8400 	 1.7955E-11 	  
9.8544 	 1.7544E-11 	  
9.8688 	 1.7131E-11 	  
9.8833 	 1.6718E-11 	  
9.8977 	 1.6306E-11 	  
9.9121 	 1.5895E-11 	  
9.9266 	 1.5487E-11 	  
9.9410 	 1.5083E-11 	  
9.9554 	 1.4684E-11 	  
9.9698 	 1.4290E-11 	  
9.9843 	 1.3902E-11 	  
9.9987 	 1.3520E-11 	  
10.0131 	 1.3143E-11 	  
10.0276 	 1.2773E-11 	  
10.0420 	 1.2409E-11 	  
10.0564 	 1.2051E-11 	  
10.0708 	 1.1699E-11 	  
10.0853 	 1.1354E-11 	  
10.0997 	 1.1016E-11 	  
10.1141 	 1.0684E-11 	  
10.1286 	 1.0359E-11 	  
10.1430 	 1.0042E-11 	  
10.1574 	 9.7315E-12 	  
10.1718 	 9.4285E-12 	  
10.1863 	 9.1330E-12 	  
10.2007 	 8.8450E-12 	  
10.2151 	 8.5648E-12 	  
10.2296 	 8.2924E-12 	  
10.2440 	 8.0280E-12 	  
10.2584 	 7.7717E-12 	  
10.2728 	 7.5235E-12 	  
10.2873 	 7.2831E-12 	  
10.3017 	 7.0505E-12 	  
10.3161 	 6.8253E-12 	  
10.3306 	 6.6074E-12 	  
10.3450 	 6.3967E-12 	  
10.3594 	 6.1928E-12 	  
10.3738 	 5.9958E-12 	  
10.3883 	 5.8052E-12 	  
10.4027 	 5.6210E-12 	  
10.4171 	 5.4430E-12 	  
10.4316 	 5.2710E-12 	  
10.4460 	 5.1048E-12 	  
10.4604 	 4.9441E-12 	  
10.4748 	 4.7889E-12 	  
10.4893 	 4.6389E-12 	  
10.5037 	 4.4939E-12 	  
10.5181 	 4.3538E-12 	  
10.5326 	 4.2184E-12 	  
10.5470 	 4.0874E-12 	  
10.5614 	 3.9607E-12 	  
10.5759 	 3.8381E-12 	  
10.5903 	 3.7193E-12 	  
10.6047 	 3.6043E-12 	  
10.6191 	 3.4928E-12 	  
10.6336 	 3.3847E-12 	  
10.6480 	 3.2797E-12 	  
10.6624 	 3.1776E-12 	  
10.6769 	 3.0783E-12 	  
10.6913 	 2.9816E-12 	  
10.7057 	 2.8873E-12 	  
10.7201 	 2.7951E-12 	  
10.7346 	 2.7050E-12 	  
10.7490 	 2.6167E-12 	  
10.7634 	 2.5300E-12 	  
10.7779 	 2.4448E-12 	  
10.7923 	 2.3608E-12 	  
10.8067 	 2.2779E-12 	  
10.8211 	 2.1959E-12 	  
10.8356 	 2.1145E-12 	  
10.8500 	 2.0337E-12 	  
