# lg(E/GeV)  E^2 (GeV cm-2 sr-1 s-1)  	(zmax = 5, m = 3) 
3.6500 	  	 4.2776E-11 
3.6644 	  	 4.1935E-11 
3.6789 	  	 4.1175E-11 
3.6933 	  	 4.0492E-11 
3.7077 	  	 3.9883E-11 
3.7221 	  	 3.9345E-11 
3.7366 	  	 3.8874E-11 
3.7510 	  	 3.8468E-11 
3.7654 	  	 3.8122E-11 
3.7799 	  	 3.7835E-11 
3.7943 	  	 3.7603E-11 
3.8087 	  	 3.7421E-11 
3.8231 	  	 3.7288E-11 
3.8376 	  	 3.7201E-11 
3.8520 	  	 3.7154E-11 
3.8664 	  	 3.7147E-11 
3.8809 	  	 3.7175E-11 
3.8953 	  	 3.7235E-11 
3.9097 	  	 3.7324E-11 
3.9241 	  	 3.7439E-11 
3.9386 	  	 3.7576E-11 
3.9530 	  	 3.7732E-11 
3.9674 	  	 3.7905E-11 
3.9819 	  	 3.8090E-11 
3.9963 	  	 3.8285E-11 
4.0107 	  	 3.8486E-11 
4.0252 	  	 3.8691E-11 
4.0396 	  	 3.8895E-11 
4.0540 	  	 3.9096E-11 
4.0684 	  	 3.9291E-11 
4.0829 	  	 3.9476E-11 
4.0973 	  	 3.9648E-11 
4.1117 	  	 3.9804E-11 
4.1262 	  	 3.9941E-11 
4.1406 	  	 4.0055E-11 
4.1550 	  	 4.0143E-11 
4.1694 	  	 4.0203E-11 
4.1839 	  	 4.0230E-11 
4.1983 	  	 4.0221E-11 
4.2127 	  	 4.0174E-11 
4.2272 	  	 4.0086E-11 
4.2416 	  	 3.9951E-11 
4.2560 	  	 3.9769E-11 
4.2704 	  	 3.9540E-11 
4.2849 	  	 3.9271E-11 
4.2993 	  	 3.8968E-11 
4.3137 	  	 3.8639E-11 
4.3282 	  	 3.8292E-11 
4.3426 	  	 3.7932E-11 
4.3570 	  	 3.7567E-11 
4.3714 	  	 3.7204E-11 
4.3859 	  	 3.6850E-11 
4.4003 	  	 3.6512E-11 
4.4147 	  	 3.6197E-11 
4.4292 	  	 3.5913E-11 
4.4436 	  	 3.5665E-11 
4.4580 	  	 3.5462E-11 
4.4724 	  	 3.5310E-11 
4.4869 	  	 3.5216E-11 
4.5013 	  	 3.5188E-11 
4.5157 	  	 3.5232E-11 
4.5302 	  	 3.5355E-11 
4.5446 	  	 3.5565E-11 
4.5590 	  	 3.5869E-11 
4.5734 	  	 3.6279E-11 
4.5879 	  	 3.6812E-11 
4.6023 	  	 3.7485E-11 
4.6167 	  	 3.8314E-11 
4.6312 	  	 3.9315E-11 
4.6456 	  	 4.0506E-11 
4.6600 	  	 4.1902E-11 
4.6744 	  	 4.3521E-11 
4.6889 	  	 4.5378E-11 
4.7033 	  	 4.7491E-11 
4.7177 	  	 4.9876E-11 
4.7322 	  	 5.2549E-11 
4.7466 	  	 5.5528E-11 
4.7610 	  	 5.8827E-11 
4.7755 	  	 6.2465E-11 
4.7899 	  	 6.6458E-11 
4.8043 	  	 7.0822E-11 
4.8187 	  	 7.5574E-11 
4.8332 	  	 8.0729E-11 
4.8476 	  	 8.6306E-11 
4.8620 	  	 9.2314E-11 
4.8765 	  	 9.8721E-11 
4.8909 	  	 1.0548E-10 
4.9053 	  	 1.1254E-10 
4.9197 	  	 1.1985E-10 
4.9342 	  	 1.2737E-10 
4.9486 	  	 1.3504E-10 
4.9630 	  	 1.4281E-10 
4.9775 	  	 1.5064E-10 
4.9919 	  	 1.5848E-10 
5.0063 	  	 1.6628E-10 
5.0207 	  	 1.7399E-10 
5.0352 	  	 1.8156E-10 
5.0496 	  	 1.8895E-10 
5.0640 	  	 1.9609E-10 
5.0785 	  	 2.0295E-10 
5.0929 	  	 2.0948E-10 
5.1073 	  	 2.1562E-10 
5.1217 	  	 2.2133E-10 
5.1362 	  	 2.2656E-10 
5.1506 	  	 2.3126E-10 
5.1650 	  	 2.3541E-10 
5.1795 	  	 2.3910E-10 
5.1939 	  	 2.4245E-10 
5.2083 	  	 2.4557E-10 
5.2227 	  	 2.4858E-10 
5.2372 	  	 2.5158E-10 
5.2516 	  	 2.5471E-10 
5.2660 	  	 2.5806E-10 
5.2805 	  	 2.6176E-10 
5.2949 	  	 2.6592E-10 
5.3093 	  	 2.7065E-10 
5.3237 	  	 2.7607E-10 
5.3382 	  	 2.8230E-10 
5.3526 	  	 2.8944E-10 
5.3670 	  	 2.9762E-10 
5.3815 	  	 3.0695E-10 
5.3959 	  	 3.1754E-10 
5.4103 	  	 3.2950E-10 
5.4247 	  	 3.4296E-10 
5.4392 	  	 3.5802E-10 
5.4536 	  	 3.7481E-10 
5.4680 	  	 3.9333E-10 
5.4825 	  	 4.1344E-10 
5.4969 	  	 4.3496E-10 
5.5113 	  	 4.5772E-10 
5.5258 	  	 4.8152E-10 
5.5402 	  	 5.0620E-10 
5.5546 	  	 5.3158E-10 
5.5690 	  	 5.5748E-10 
5.5835 	  	 5.8373E-10 
5.5979 	  	 6.1014E-10 
5.6123 	  	 6.3654E-10 
5.6268 	  	 6.6275E-10 
5.6412 	  	 6.8860E-10 
5.6556 	  	 7.1390E-10 
5.6700 	  	 7.3849E-10 
5.6845 	  	 7.6217E-10 
5.6989 	  	 7.8478E-10 
5.7133 	  	 8.0614E-10 
5.7278 	  	 8.2607E-10 
5.7422 	  	 8.4439E-10 
5.7566 	  	 8.6093E-10 
5.7710 	  	 8.7567E-10 
5.7855 	  	 8.8872E-10 
5.7999 	  	 9.0023E-10 
5.8143 	  	 9.1033E-10 
5.8288 	  	 9.1917E-10 
5.8432 	  	 9.2687E-10 
5.8576 	  	 9.3359E-10 
5.8720 	  	 9.3944E-10 
5.8865 	  	 9.4458E-10 
5.9009 	  	 9.4913E-10 
5.9153 	  	 9.5324E-10 
5.9298 	  	 9.5705E-10 
5.9442 	  	 9.6069E-10 
5.9586 	  	 9.6429E-10 
5.9730 	  	 9.6800E-10 
5.9875 	  	 9.7195E-10 
6.0019 	  	 9.7628E-10 
6.0163 	  	 9.8113E-10 
6.0308 	  	 9.8664E-10 
6.0452 	  	 9.9293E-10 
6.0596 	  	 1.0001E-09 
6.0740 	  	 1.0083E-09 
6.0885 	  	 1.0171E-09 
6.1029 	  	 1.0267E-09 
6.1173 	  	 1.0368E-09 
6.1318 	  	 1.0472E-09 
6.1462 	  	 1.0580E-09 
6.1606 	  	 1.0690E-09 
6.1751 	  	 1.0800E-09 
6.1895 	  	 1.0909E-09 
6.2039 	  	 1.1017E-09 
6.2183 	  	 1.1122E-09 
6.2328 	  	 1.1222E-09 
6.2472 	  	 1.1317E-09 
6.2616 	  	 1.1405E-09 
6.2761 	  	 1.1485E-09 
6.2905 	  	 1.1556E-09 
6.3049 	  	 1.1617E-09 
6.3193 	  	 1.1667E-09 
6.3338 	  	 1.1704E-09 
6.3482 	  	 1.1727E-09 
6.3626 	  	 1.1735E-09 
6.3771 	  	 1.1729E-09 
6.3915 	  	 1.1709E-09 
6.4059 	  	 1.1677E-09 
6.4203 	  	 1.1633E-09 
6.4348 	  	 1.1579E-09 
6.4492 	  	 1.1515E-09 
6.4636 	  	 1.1443E-09 
6.4781 	  	 1.1363E-09 
6.4925 	  	 1.1276E-09 
6.5069 	  	 1.1184E-09 
6.5213 	  	 1.1086E-09 
6.5358 	  	 1.0985E-09 
6.5502 	  	 1.0881E-09 
6.5646 	  	 1.0775E-09 
6.5791 	  	 1.0668E-09 
6.5935 	  	 1.0561E-09 
6.6079 	  	 1.0455E-09 
6.6223 	  	 1.0351E-09 
6.6368 	  	 1.0250E-09 
6.6512 	  	 1.0153E-09 
6.6656 	  	 1.0060E-09 
6.6801 	  	 9.9709E-10 
6.6945 	  	 9.8852E-10 
6.7089 	  	 9.8022E-10 
6.7233 	  	 9.7210E-10 
6.7378 	  	 9.6411E-10 
6.7522 	  	 9.5618E-10 
6.7666 	  	 9.4824E-10 
6.7811 	  	 9.4022E-10 
6.7955 	  	 9.3205E-10 
6.8099 	  	 9.2366E-10 
6.8243 	  	 9.1500E-10 
6.8388 	  	 9.0598E-10 
6.8532 	  	 8.9654E-10 
6.8676 	  	 8.8661E-10 
6.8821 	  	 8.7613E-10 
6.8965 	  	 8.6502E-10 
6.9109 	  	 8.5322E-10 
6.9254 	  	 8.4066E-10 
6.9398 	  	 8.2728E-10 
6.9542 	  	 8.1299E-10 
6.9686 	  	 7.9780E-10 
6.9831 	  	 7.8178E-10 
6.9975 	  	 7.6501E-10 
7.0119 	  	 7.4757E-10 
7.0264 	  	 7.2957E-10 
7.0408 	  	 7.1107E-10 
7.0552 	  	 6.9217E-10 
7.0696 	  	 6.7295E-10 
7.0841 	  	 6.5350E-10 
7.0985 	  	 6.3391E-10 
7.1129 	  	 6.1426E-10 
7.1274 	  	 5.9463E-10 
7.1418 	  	 5.7512E-10 
7.1562 	  	 5.5580E-10 
7.1706 	  	 5.3677E-10 
7.1851 	  	 5.1811E-10 
7.1995 	  	 4.9991E-10 
7.2139 	  	 4.8225E-10 
7.2284 	  	 4.6521E-10 
7.2428 	  	 4.4890E-10 
7.2572 	  	 4.3338E-10 
7.2716 	  	 4.1868E-10 
7.2861 	  	 4.0476E-10 
7.3005 	  	 3.9159E-10 
7.3149 	  	 3.7911E-10 
7.3294 	  	 3.6730E-10 
7.3438 	  	 3.5612E-10 
7.3582 	  	 3.4551E-10 
7.3726 	  	 3.3544E-10 
7.3871 	  	 3.2587E-10 
7.4015 	  	 3.1677E-10 
7.4159 	  	 3.0808E-10 
7.4304 	  	 2.9977E-10 
7.4448 	  	 2.9180E-10 
7.4592 	  	 2.8413E-10 
7.4736 	  	 2.7671E-10 
7.4881 	  	 2.6952E-10 
7.5025 	  	 2.6250E-10 
7.5169 	  	 2.5562E-10 
7.5314 	  	 2.4883E-10 
7.5458 	  	 2.4210E-10 
7.5602 	  	 2.3539E-10 
7.5746 	  	 2.2870E-10 
7.5891 	  	 2.2205E-10 
7.6035 	  	 2.1547E-10 
7.6179 	  	 2.0899E-10 
7.6324 	  	 2.0261E-10 
7.6468 	  	 1.9638E-10 
7.6612 	  	 1.9031E-10 
7.6757 	  	 1.8443E-10 
7.6901 	  	 1.7876E-10 
7.7045 	  	 1.7332E-10 
7.7189 	  	 1.6814E-10 
7.7334 	  	 1.6324E-10 
7.7478 	  	 1.5864E-10 
7.7622 	  	 1.5437E-10 
7.7767 	  	 1.5046E-10 
7.7911 	  	 1.4692E-10 
7.8055 	  	 1.4378E-10 
7.8199 	  	 1.4107E-10 
7.8344 	  	 1.3880E-10 
7.8488 	  	 1.3700E-10 
7.8632 	  	 1.3569E-10 
7.8777 	  	 1.3486E-10 
7.8921 	  	 1.3447E-10 
7.9065 	  	 1.3450E-10 
7.9209 	  	 1.3492E-10 
7.9354 	  	 1.3572E-10 
7.9498 	  	 1.3685E-10 
7.9642 	  	 1.3830E-10 
7.9787 	  	 1.4004E-10 
7.9931 	  	 1.4204E-10 
8.0075 	  	 1.4428E-10 
8.0219 	  	 1.4673E-10 
8.0364 	  	 1.4936E-10 
8.0508 	  	 1.5215E-10 
8.0652 	  	 1.5508E-10 
8.0797 	  	 1.5811E-10 
8.0941 	  	 1.6122E-10 
8.1085 	  	 1.6438E-10 
8.1229 	  	 1.6757E-10 
8.1374 	  	 1.7077E-10 
8.1518 	  	 1.7394E-10 
8.1662 	  	 1.7706E-10 
8.1807 	  	 1.8013E-10 
8.1951 	  	 1.8314E-10 
8.2095 	  	 1.8609E-10 
8.2239 	  	 1.8898E-10 
8.2384 	  	 1.9180E-10 
8.2528 	  	 1.9455E-10 
8.2672 	  	 1.9722E-10 
8.2817 	  	 1.9981E-10 
8.2961 	  	 2.0232E-10 
8.3105 	  	 2.0474E-10 
8.3249 	  	 2.0706E-10 
8.3394 	  	 2.0929E-10 
8.3538 	  	 2.1142E-10 
8.3682 	  	 2.1344E-10 
8.3827 	  	 2.1535E-10 
8.3971 	  	 2.1715E-10 
8.4115 	  	 2.1884E-10 
8.4260 	  	 2.2040E-10 
8.4404 	  	 2.2184E-10 
8.4548 	  	 2.2315E-10 
8.4692 	  	 2.2433E-10 
8.4837 	  	 2.2538E-10 
8.4981 	  	 2.2630E-10 
8.5125 	  	 2.2709E-10 
8.5270 	  	 2.2776E-10 
8.5414 	  	 2.2831E-10 
8.5558 	  	 2.2873E-10 
8.5702 	  	 2.2903E-10 
8.5847 	  	 2.2922E-10 
8.5991 	  	 2.2929E-10 
8.6135 	  	 2.2924E-10 
8.6280 	  	 2.2908E-10 
8.6424 	  	 2.2881E-10 
8.6568 	  	 2.2842E-10 
8.6712 	  	 2.2793E-10 
8.6857 	  	 2.2732E-10 
8.7001 	  	 2.2662E-10 
8.7145 	  	 2.2580E-10 
8.7290 	  	 2.2489E-10 
8.7434 	  	 2.2387E-10 
8.7578 	  	 2.2275E-10 
8.7722 	  	 2.2154E-10 
8.7867 	  	 2.2023E-10 
8.8011 	  	 2.1882E-10 
8.8155 	  	 2.1733E-10 
8.8300 	  	 2.1575E-10 
8.8444 	  	 2.1408E-10 
8.8588 	  	 2.1233E-10 
8.8732 	  	 2.1050E-10 
8.8877 	  	 2.0860E-10 
8.9021 	  	 2.0662E-10 
8.9165 	  	 2.0457E-10 
8.9310 	  	 2.0244E-10 
8.9454 	  	 2.0025E-10 
8.9598 	  	 1.9800E-10 
8.9742 	  	 1.9568E-10 
8.9887 	  	 1.9331E-10 
9.0031 	  	 1.9088E-10 
9.0175 	  	 1.8839E-10 
9.0320 	  	 1.8586E-10 
9.0464 	  	 1.8327E-10 
9.0608 	  	 1.8064E-10 
9.0753 	  	 1.7796E-10 
9.0897 	  	 1.7525E-10 
9.1041 	  	 1.7250E-10 
9.1185 	  	 1.6973E-10 
9.1330 	  	 1.6693E-10 
9.1474 	  	 1.6410E-10 
9.1618 	  	 1.6126E-10 
9.1763 	  	 1.5841E-10 
9.1907 	  	 1.5554E-10 
9.2051 	  	 1.5267E-10 
9.2195 	  	 1.4981E-10 
9.2340 	  	 1.4694E-10 
9.2484 	  	 1.4408E-10 
9.2628 	  	 1.4124E-10 
9.2773 	  	 1.3841E-10 
9.2917 	  	 1.3560E-10 
9.3061 	  	 1.3282E-10 
9.3205 	  	 1.3007E-10 
9.3350 	  	 1.2735E-10 
9.3494 	  	 1.2467E-10 
9.3638 	  	 1.2202E-10 
9.3783 	  	 1.1942E-10 
9.3927 	  	 1.1686E-10 
9.4071 	  	 1.1435E-10 
9.4215 	  	 1.1187E-10 
9.4360 	  	 1.0943E-10 
9.4504 	  	 1.0702E-10 
9.4648 	  	 1.0466E-10 
9.4793 	  	 1.0233E-10 
9.4937 	  	 1.0005E-10 
9.5081 	  	 9.7793E-11 
9.5225 	  	 9.5577E-11 
9.5370 	  	 9.3397E-11 
9.5514 	  	 9.1251E-11 
9.5658 	  	 8.9139E-11 
9.5803 	  	 8.7062E-11 
9.5947 	  	 8.5018E-11 
9.6091 	  	 8.3006E-11 
9.6235 	  	 8.1027E-11 
9.6380 	  	 7.9080E-11 
9.6524 	  	 7.7164E-11 
9.6668 	  	 7.5278E-11 
9.6813 	  	 7.3424E-11 
9.6957 	  	 7.1600E-11 
9.7101 	  	 6.9806E-11 
9.7245 	  	 6.8043E-11 
9.7390 	  	 6.6311E-11 
9.7534 	  	 6.4609E-11 
9.7678 	  	 6.2938E-11 
9.7823 	  	 6.1297E-11 
9.7967 	  	 5.9686E-11 
9.8111 	  	 5.8105E-11 
9.8256 	  	 5.6555E-11 
9.8400 	  	 5.5035E-11 
9.8544 	  	 5.3545E-11 
9.8688 	  	 5.2085E-11 
9.8833 	  	 5.0655E-11 
9.8977 	  	 4.9255E-11 
9.9121 	  	 4.7884E-11 
9.9266 	  	 4.6544E-11 
9.9410 	  	 4.5234E-11 
9.9554 	  	 4.3953E-11 
9.9698 	  	 4.2702E-11 
9.9843 	  	 4.1480E-11 
9.9987 	  	 4.0287E-11 
10.0131 	  	 3.9122E-11 
10.0276 	  	 3.7985E-11 
10.0420 	  	 3.6875E-11 
10.0564 	  	 3.5793E-11 
10.0708 	  	 3.4737E-11 
10.0853 	  	 3.3707E-11 
10.0997 	  	 3.2703E-11 
10.1141 	  	 3.1724E-11 
10.1286 	  	 3.0769E-11 
10.1430 	  	 2.9840E-11 
10.1574 	  	 2.8934E-11 
10.1718 	  	 2.8052E-11 
10.1863 	  	 2.7193E-11 
10.2007 	  	 2.6356E-11 
10.2151 	  	 2.5542E-11 
10.2296 	  	 2.4750E-11 
10.2440 	  	 2.3979E-11 
10.2584 	  	 2.3229E-11 
10.2728 	  	 2.2499E-11 
10.2873 	  	 2.1790E-11 
10.3017 	  	 2.1101E-11 
10.3161 	  	 2.0430E-11 
10.3306 	  	 1.9779E-11 
10.3450 	  	 1.9146E-11 
10.3594 	  	 1.8531E-11 
10.3738 	  	 1.7934E-11 
10.3883 	  	 1.7354E-11 
10.4027 	  	 1.6791E-11 
10.4171 	  	 1.6245E-11 
10.4316 	  	 1.5714E-11 
10.4460 	  	 1.5200E-11 
10.4604 	  	 1.4700E-11 
10.4748 	  	 1.4215E-11 
10.4893 	  	 1.3745E-11 
10.5037 	  	 1.3288E-11 
10.5181 	  	 1.2845E-11 
10.5326 	  	 1.2416E-11 
10.5470 	  	 1.1999E-11 
10.5614 	  	 1.1594E-11 
10.5759 	  	 1.1202E-11 
10.5903 	  	 1.0821E-11 
10.6047 	  	 1.0451E-11 
10.6191 	  	 1.0091E-11 
10.6336 	  	 9.7424E-12 
10.6480 	  	 9.4034E-12 
10.6624 	  	 9.0739E-12 
10.6769 	  	 8.7534E-12 
10.6913 	  	 8.4416E-12 
10.7057 	  	 8.1381E-12 
10.7201 	  	 7.8425E-12 
10.7346 	  	 7.5543E-12 
10.7490 	  	 7.2731E-12 
10.7634 	  	 6.9985E-12 
10.7779 	  	 6.7302E-12 
10.7923 	  	 6.4677E-12 
10.8067 	  	 6.2105E-12 
10.8211 	  	 5.9584E-12 
10.8356 	  	 5.7108E-12 
10.8500 	  	 5.4674E-12 
