1970.0000	0.0
2004.0500	30.9
2004.1708	133.0
2004.3421	331.3
2004.3428	332.4
2004.3524	345.5
2004.3878	398.3
2004.4087	431.6
2004.4409	482.7
2004.4524	501.4
2004.4829	554.5
2004.4844	557.0
2004.4929	572.0
2004.5274	628.9
2004.5683	691.9
2004.6261	796.5
2004.6274	798.8
2004.6529	849.0
2004.7708	1099.6
2004.7849	1127.7
2004.8334	1246.8
2004.8555	1299.6
2004.8738	1343.2
2004.8965	1385.6
2004.9128	1414.3
2004.9130	1414.8
2004.9192	1430.5
2004.9263	1448.7
2004.9339	1469.1
2004.9376	1479.1
2004.9685	1564.9
2004.9919	1621.2
2005.0161	1676.9
2005.0322	1713.2
2005.1143	1933.7
2005.1368	1998.8
2005.1373	2000.7
2005.1491	2031.0
2005.1726	2075.9
2005.1757	2084.2
2005.1851	2104.0
2005.2226	2213.4
2005.2237	2217.1
2005.2271	2228.4
2005.2414	2259.8
2005.2905	2393.4
2005.3202	2487.7
2005.3230	2498.1
2005.4139	2805.1
2005.4350	2874.5
2005.4399	2893.2
2005.4808	3033.6
2005.5098	3117.6
2005.5122	3127.2
2005.5291	3173.3
2005.5377	3199.2
2005.5450	3227.4
2005.5479	3238.9
2005.5571	3271.0
2005.5678	3298.8
2005.5754	3328.7
2005.5755	3329.2
2005.6202	3503.4
2005.6390	3579.5
2005.6522	3633.2
2005.6575	3655.2
2005.6628	3675.2
2005.7231	3900.9
2005.7288	3925.0
2005.7518	4023.2
2005.7562	4041.9
2005.7694	4097.0
2005.8056	4242.2
2005.8093	4258.1
2005.8132	4274.5
2005.8195	4301.3
2005.8241	4320.8
2005.8300	4345.9
2005.8392	4385.0
2005.8402	4389.0
2005.8427	4399.8
2005.8484	4424.6
2005.8537	4447.4
2005.8567	4460.3
2005.8664	4502.3
2005.8845	4578.8
2005.9087	4680.6
2005.9212	4736.4
2005.9322	4783.2
2005.9375	4806.9
2005.9516	4859.9
2005.9584	4890.6
2005.9715	4950.0
2005.9908	5036.2
2005.9920	5041.5
2005.9948	5054.3
2006.0143	5139.6
2006.0493	5246.8
2006.0593	5276.9
2006.0796	5354.8
2006.0921	5410.7
2006.0966	5431.3
2006.1023	5457.0
2006.1139	5509.2
2006.1273	5560.9
2006.1279	5563.8
2006.1393	5615.5
2006.1430	5632.2
2006.1483	5656.0
2006.1500	5663.6
2006.1503	5665.0
2006.1513	5669.5
2006.1733	5769.6
2006.1766	5784.4
2006.1868	5830.1
2006.1884	5837.2
2006.1974	5876.8
2006.1978	5878.6
2006.1978	5879.1
2006.2229	5992.0
2006.2330	6037.8
2006.2379	6059.5
2006.2392	6065.5
2006.2393	6066.1
2006.2562	6142.8
2006.2735	6220.7
2006.2832	6264.2
2006.3061	6368.0
2006.3127	6398.3
2006.3248	6453.0
2006.3250	6454.2
2006.3311	6481.2
2006.3327	6487.6
2006.3471	6553.2
2006.3560	6594.3
2006.3629	6626.4
2006.3635	6629.0
2006.3856	6731.0
2006.3860	6732.8
2006.3893	6747.9
2006.4386	6967.4
2006.4557	7042.5
2006.4601	7058.4
2006.4757	7128.4
2006.4934	7208.7
2006.5036	7256.0
2006.5080	7276.5
2006.5134	7299.8
2006.5643	7532.2
2006.5650	7535.7
2006.5749	7581.7
2006.5868	7637.5
2006.5978	7689.6
2006.6058	7727.0
2006.6166	7777.8
2006.6170	7780.0
2006.6313	7846.9
2006.6323	7851.5
2006.6833	8083.2
2006.6909	8119.8
2006.6947	8138.3
2006.7118	8221.5
2006.7220	8269.7
2006.7258	8288.3
2006.7263	8290.7
2006.7294	8305.9
2006.7432	8373.4
2006.7481	8396.9
2006.7698	8501.6
2006.7774	8537.9
2006.7794	8545.6
2006.7932	8611.6
2006.8122	8684.5
2006.8182	8713.3
2006.8458	8845.8
2006.8617	8923.4
2006.8926	9075.6
2006.9100	9160.6
2006.9278	9243.5
2006.9583	9388.6
2006.9642	9418.5
2006.9659	9427.2
2006.9951	9582.2
2007.0014	9609.2
2007.0045	9626.0
2007.0192	9697.3
2007.0239	9719.6
2007.0311	9756.1
2007.0365	9783.3
2007.0368	9784.9
2007.0397	9799.5
2007.0411	9806.8
2007.0426	9814.3
2007.0507	9854.5
2007.0542	9872.0
2007.0609	9906.7
2007.0764	9987.4
2007.0875	10043.9
2007.1189	10207.8
2007.1259	10243.7
2007.1303	10266.9
2007.1373	10303.6
2007.1388	10311.4
2007.1441	10339.2
2007.1481	10360.8
2007.1491	10366.1
2007.1498	10369.9
2007.1581	10414.4
2007.1704	10476.4
2007.1741	10497.3
2007.1821	10542.2
2007.1826	10545.1
2007.1900	10587.2
2007.1956	10618.9
2007.1973	10628.6
2007.2042	10667.6
2007.2133	10718.2
2007.2233	10772.9
2007.2244	10778.6
2007.2303	10811.0
2007.2404	10867.1
2007.2508	10922.9
2007.2549	10945.7
2007.2801	11087.1
2007.2823	11099.7
2007.2876	11129.8
2007.2893	11139.4
2007.3089	11251.6
2007.3136	11277.6
2007.3162	11292.8
2007.3275	11358.9
2007.3369	11414.2
2007.3457	11466.0
2007.3481	11480.1
2007.3519	11502.0
2007.3695	11606.8
2007.3962	11773.4
2007.4186	11892.8
2007.4212	11910.0
2007.4240	11914.1
2007.4282	11937.7
2007.4320	11962.7
2007.4405	12018.6
2007.4415	12024.7
2007.4478	12066.3
2007.4502	12080.4
2007.4544	12105.1
2007.4818	12287.3
2007.4836	12299.4
2007.4974	12394.6
2007.5089	12474.2
2007.5130	12501.0
2007.5181	12535.8
2007.5231	12570.4
2007.5294	12613.4
2007.5335	12641.5
2007.5348	12650.4
2007.5452	12717.8
2007.5564	12795.7
2007.5627	12837.8
2007.5936	13044.7
2007.5983	13076.0
2007.6047	13119.8
2007.6048	13120.5
2007.6202	13226.8
2007.6208	13231.0
2007.6329	13291.9
2007.6393	13333.5
2007.6405	13341.6
2007.6447	13370.8
2007.6452	13374.6
2007.6477	13391.5
2007.6533	13430.2
2007.6535	13431.8
2007.6565	13452.8
2007.6569	13455.4
2007.6600	13477.0
2007.6859	13658.1
2007.6888	13678.7
2007.7181	13886.6
2007.7194	13896.0
2007.7209	13907.2
2007.7253	13938.9
2007.7285	13962.1
2007.7384	14033.7
2007.7472	14097.4
2007.7496	14114.6
2007.7652	14227.7
2007.7829	14356.2
2007.7886	14397.0
2007.8033	14503.3
2007.8074	14533.2
2007.8077	14535.4
2007.8082	14539.0
2007.8198	14622.2
2007.8274	14675.2
2007.8282	14681.2
2007.8462	14813.5
2007.8542	14873.1
2007.8572	14895.4
2007.8602	14917.3
2007.8606	14920.7
2007.8636	14942.2
2007.9269	15388.9
2007.9398	15438.8
2007.9437	15466.7
2007.9466	15488.4
2007.9521	15528.7
2007.9526	15532.3
2007.9671	15638.9
2007.9687	15650.6
2007.9789	15700.8
2007.9849	15738.7
2007.9886	15752.1
2007.9945	15773.3
2008.0103	15821.5
2008.0161	15863.2
2008.0213	15901.3
2008.0262	15937.0
2008.0313	15972.7
2008.0338	15990.9
2008.0353	16001.9
2008.0359	16006.1
2008.0487	16099.9
2008.0542	16140.4
2008.0545	16143.0
2008.0585	16170.1
2008.0603	16181.9
2008.0799	16311.9
2008.0884	16373.2
2008.0989	16433.6
2008.1160	16534.3
2008.1272	16615.9
2008.1311	16644.1
2008.1340	16661.8
2008.1341	16663.0
2008.1400	16705.5
2008.1416	16716.4
2008.1425	16723.0
2008.1450	16741.2
2008.1519	16791.9
2008.1714	16934.5
2008.1716	16936.2
2008.1778	16981.9
2008.1877	17053.9
2008.1921	17085.7
2008.1972	17123.2
2008.2009	17150.2
2008.2157	17255.1
2008.2333	17383.6
2008.2388	17424.4
2008.2404	17436.6
2008.2520	17522.6
2008.2563	17554.7
2008.2582	17569.2
2008.2781	17714.9
2008.2805	17733.0
2008.2811	17737.6
2008.2854	17770.2
2008.3042	17913.0
2008.3075	17939.1
2008.3149	17997.9
2008.3221	18054.6
2008.3241	18070.0
2008.3312	18125.5
2008.3516	18278.4
2008.3588	18335.5
2008.3686	18412.1
2008.3713	18433.5
2008.3731	18447.4
2008.3731	18447.6
2008.3745	18458.7
2008.3745	18458.8
2008.3780	18486.4
2008.3787	18491.9
2008.3880	18565.4
2008.3885	18569.4
2008.3888	18571.3
2008.3918	18595.6
2008.3933	18607.3
2008.4018	18673.9
2008.4176	18795.4
2008.4182	18800.5
2008.4496	19046.0
2008.4535	19075.9
2008.4710	19195.2
2008.4730	19211.0
2008.4766	19239.7
2008.4868	19320.7
2008.4936	19376.0
2008.4944	19383.1
2008.5038	19460.2
2008.5043	19464.5
2008.5073	19488.5
2008.5136	19540.6
2008.5226	19614.9
2008.5257	19640.5
2008.5418	19768.8
2008.5422	19772.3
2008.5432	19780.5
2008.5474	19815.2
2008.5501	19832.4
2008.5528	19854.3
2008.5615	19921.7
2008.5786	20054.6
2008.5869	20122.9
2008.6160	20360.9
2008.6209	20402.6
2008.6258	20442.7
2008.6268	20451.2
2008.6350	20519.1
2008.6461	20611.1
2008.6775	20860.8
2008.6783	20867.2
2008.6805	20885.8
2008.6846	20920.1
2008.7018	21060.3
2008.7055	21091.3
2008.7137	21159.9
2008.7196	21208.9
2008.7232	21238.6
2008.7238	21244.0
2008.7269	21269.8
2008.7287	21285.0
2008.7326	21317.7
2008.7334	21324.1
2008.7445	21417.7
2008.7490	21456.1
2008.7640	21555.5
2008.7709	21613.2
2008.7868	21745.9
2008.7884	21759.5
2008.7886	21760.4
2008.7888	21762.7
2008.8060	21906.7
2008.8105	21944.4
2008.8106	21945.4
2008.8114	21952.6
2008.8149	21981.9
2008.8159	21990.1
2008.8259	22074.4
2008.8269	22082.7
2008.8299	22107.6
2008.8344	22146.1
2008.8392	22186.9
2008.8418	22208.1
2008.8716	22454.3
2008.8814	22534.4
2008.8884	22583.9
2008.8920	22613.7
2008.8983	22666.6
2008.9002	22682.5
2008.9057	22729.2
2008.9074	22743.3
2008.9143	22798.9
2008.9212	22856.9
2008.9238	22878.4
2008.9315	22942.5
2008.9681	23203.9
2008.9707	23225.6
2008.9716	23233.1
2008.9895	23380.1
2009.0145	23530.9
2009.0179	23556.1
2009.0220	23589.8
2009.0247	23612.0
2009.0455	23773.7
2009.0459	23777.0
2009.0491	23794.1
2009.0498	23800.2
2009.0576	23864.1
2009.0699	23964.5
2009.0758	24012.4
2009.0825	24067.0
2009.0834	24074.2
2009.0882	24113.3
2009.0963	24177.5
2009.1092	24284.3
2009.1099	24289.8
2009.1187	24363.5
2009.1302	24458.1
2009.1376	24513.6
2009.1405	24536.6
2009.1420	24548.8
2009.1491	24606.7
2009.1500	24612.9
2009.1645	24732.4
2009.1924	24965.1
2009.1928	24968.2
2009.1942	24980.1
2009.1961	24996.2
2009.2122	25130.4
2009.2144	25149.2
2009.2145	25150.0
2009.2149	25153.9
2009.2152	25156.3
2009.2214	25205.4
2009.2214	25205.8
2009.2264	25247.0
2009.2266	25248.6
2009.2286	25265.6
2009.2293	25271.5
2009.2293	25271.7
2009.2310	25285.8
2009.2449	25402.1
2009.2639	25559.0
2009.2654	25571.3
2009.2749	25650.7
2009.2831	25719.0
2009.2845	25731.4
2009.2894	25772.2
2009.2958	25819.6
2009.2959	25820.7
2009.3024	25866.7
2009.3132	25944.3
2009.3229	25990.5
2009.3230	25991.5
2009.3288	26035.7
2009.3328	26042.2
2009.3861	26279.7
2009.3977	26354.7
2009.4093	26432.5
2009.4100	26437.4
2009.4169	26481.1
2009.4218	26515.7
2009.4247	26529.3
2009.4388	26600.9
2009.4453	26645.2
2009.4458	26649.3
2009.4488	26668.9
2009.4612	26750.9
2009.4645	26774.4
2009.4667	26789.8
2009.4729	26831.9
2009.4749	26846.5
2009.4839	26905.2
2009.4944	26979.7
2009.5003	27019.2
2009.5035	27041.9
2009.5064	27061.7
2009.5108	27092.4
2009.5117	27099.3
2009.5154	27125.5
2009.5170	27136.2
2009.5218	27170.2
2009.5248	27190.9
2009.5286	27217.7
2009.5306	27231.8
2009.5376	27281.3
2009.5402	27299.4
2009.5455	27336.8
2009.5532	27390.7
2009.5540	27396.4
2009.5581	27425.1
2009.5629	27459.1
2009.5832	27594.1
2009.5854	27609.9
2009.5868	27619.8
2009.5967	27690.4
2009.6006	27717.1
2009.6024	27729.9
2009.6027	27731.8
2009.6167	27828.5
2009.6188	27839.8
2009.6213	27853.3
2009.6222	27859.1
2009.6279	27893.3
2009.6427	27992.4
2009.6440	28002.0
2009.6454	28011.8
2009.6461	28017.0
2009.6509	28035.5
2009.6616	28113.2
2009.6646	28134.6
2009.6661	28145.5
2009.6832	28265.9
2009.6837	28269.3
2009.6857	28283.3
2009.6897	28312.2
2009.6949	28350.1
2009.7041	28416.9
2009.7074	28439.8
2009.7088	28450.4
2009.7163	28503.8
2009.7196	28527.8
2009.7248	28566.0
2009.7273	28584.6
2009.7273	28584.8
2009.7278	28588.1
2009.7330	28625.8
2009.7397	28674.7
2009.7504	28738.7
2009.7528	28757.0
2009.7616	28821.7
2009.7619	28824.2
2009.7704	28885.6
2009.7709	28889.3
2009.7744	28915.1
2009.7889	29011.5
2009.7960	29063.4
2009.8012	29101.8
2009.8023	29109.5
2009.8052	29130.8
2009.8109	29172.7
2009.8187	29230.1
2009.8188	29230.8
2009.8201	29240.9
2009.8326	29333.1
2009.8334	29339.0
2009.8410	29394.9
2009.8432	29411.5
2009.8514	29471.5
2009.8602	29538.4
2009.8691	29610.8
2009.8703	29620.2
2009.8940	29813.8
2009.8952	29823.3
2009.8997	29860.2
2009.9164	29997.6
2009.9193	30021.6
2009.9389	30166.7
2009.9415	30187.1
2009.9432	30199.2
2009.9459	30221.8
2009.9548	30294.8
2009.9829	30522.6
2009.9837	30529.1
2009.9871	30557.0
2009.9877	30561.8
2009.9910	30589.3
2010.0050	30697.3
2010.0188	30809.9
2010.0242	30854.5
2010.0260	30869.1
2010.0261	30869.9
2010.0264	30872.0
2010.0292	30894.5
2010.0349	30941.7
2010.0383	30969.5
2010.0400	30983.3
2010.0437	31013.7
2010.0551	31106.4
2010.0555	31109.3
2010.0666	31198.4
2010.0692	31218.6
2010.0734	31253.3
2010.0757	31271.9
2010.1037	31490.1
2010.1067	31512.7
2010.1152	31581.9
2010.1209	31627.6
2010.1242	31652.0
2010.1263	31667.9
2010.1274	31677.0
2010.1325	31719.2
2010.1382	31765.8
2010.1423	31798.9
2010.1423	31799.1
2010.1463	31832.2
2010.1465	31833.3
2010.1472	31839.1
2010.1488	31852.6
2010.1576	31923.5
2010.1587	31932.5
2010.1605	31947.0
2010.1757	32070.0
2010.1787	32094.4
2010.1820	32121.0
2010.1824	32124.5
2010.1971	32241.7
2010.1993	32256.7
2010.2185	32398.2
2010.2192	32403.8
2010.2388	32552.5
2010.2431	32576.8
2010.2450	32587.7
2010.2513	32625.9
2010.2527	32634.4
2010.2531	32637.1
2010.3032	32981.1
2010.3127	33052.0
2010.3156	33073.5
2010.3315	33190.1
2010.3338	33206.9
2010.3526	33348.0
2010.3553	33369.7
2010.3616	33419.6
2010.3632	33432.4
2010.3699	33485.0
2010.3758	33529.1
2010.3814	33573.2
2010.3855	33605.7
2010.3863	33612.6
2010.4012	33724.6
2010.4017	33728.7
2010.4050	33752.8
2010.4057	33758.6
2010.4119	33805.0
2010.4135	33817.6
2010.4227	33890.6
2010.4248	33906.9
2010.4306	33953.3
2010.4438	34049.4
2010.4468	34067.9
2010.4664	34221.6
2010.4705	34253.3
2010.4733	34275.6
2010.4766	34301.7
2010.4990	34475.9
2010.5019	34498.4
2010.5021	34500.5
2010.5192	34637.2
2010.5230	34667.5
2010.5235	34671.4
2010.5257	34689.4
2010.5282	34707.5
2010.5319	34736.9
2010.5370	34775.1
2010.5388	34789.0
2010.5395	34794.1
2010.5423	34813.8
2010.5445	34831.3
2010.5476	34856.4
2010.5492	34868.9
2010.5518	34889.7
2010.5555	34918.8
2010.5592	34949.2
2010.5629	34978.8
2010.5780	35100.5
2010.5864	35168.6
2010.5934	35219.7
2010.6044	35300.6
2010.6053	35307.4
2010.6085	35334.2
2010.6113	35357.0
2010.6138	35378.0
2010.6199	35427.2
2010.6202	35429.9
2010.6438	35624.0
2010.6469	35649.6
2010.6520	35692.3
2010.6522	35694.3
2010.6533	35703.6
2010.6550	35717.4
2010.6567	35732.0
2010.6608	35766.2
2010.6710	35851.6
2010.6718	35858.8
2010.6752	35887.4
2010.6816	35940.6
2010.6824	35947.5
2010.6856	35974.7
2010.6872	35988.3
2010.6923	36031.7
2010.7012	36106.6
2010.7028	36120.6
2010.7119	36196.1
2010.7121	36197.9
2010.7215	36277.5
2010.7278	36330.2
2010.7300	36348.8
2010.7373	36407.8
2010.7391	36421.0
2010.7426	36448.8
2010.7458	36475.0
2010.7478	36491.7
2010.7573	36571.1
2010.7594	36589.0
2010.7645	36631.5
2010.7656	36641.1
2010.7678	36659.0
2010.7680	36661.0
2010.7741	36712.9
2010.7765	36732.8
2010.7782	36747.2
2010.7876	36827.5
2010.8018	36949.0
2010.8046	36972.9
2010.8087	37009.4
2010.8151	37064.7
2010.8187	37096.4
2010.8234	37137.1
2010.8384	37258.9
2010.8505	37364.6
2010.8524	37380.6
2010.8540	37394.6
2010.8584	37427.2
2010.8600	37440.6
2010.8751	37572.9
2010.8776	37594.9
2010.8779	37597.6
2010.8882	37685.4
2010.8923	37720.7
2010.8926	37723.0
2010.9121	37883.0
2010.9185	37938.3
2010.9193	37945.1
2010.9198	37949.7
2010.9259	38002.9
2010.9361	38091.6
2010.9441	38161.4
2010.9465	38182.2
2010.9499	38212.3
2010.9549	38255.9
2010.9683	38372.3
2010.9987	38635.2
2011.0064	38697.7
2011.0081	38711.8
2011.0195	38811.0
2011.0265	38871.3
2011.0340	38931.3
2011.0514	39080.8
2011.0550	39111.6
2011.0585	39142.0
2011.0625	39176.9
2011.0673	39218.9
2011.0678	39222.8
2011.0721	39260.2
2011.0738	39275.5
2011.0770	39293.9
2011.0799	39319.3
2011.0839	39354.8
2011.0848	39362.8
2011.0850	39364.5
2011.0943	39445.5
2011.0948	39449.9
2011.0963	39463.6
2011.0966	39465.4
2011.1029	39520.7
2011.1036	39527.1
2011.1069	39555.5
2011.1135	39612.9
2011.1167	39640.9
2011.1245	39708.4
2011.1282	39740.8
2011.1349	39799.2
2011.1355	39804.2
2011.1391	39835.2
2011.1479	39911.5
2011.1519	39939.2
2011.1524	39942.5
2011.1620	40025.0
2011.1634	40037.7
2011.1664	40060.6
2011.1706	40096.5
2011.1806	40183.3
2011.1867	40233.7
2011.2061	40379.2
2011.2133	40439.7
2011.2137	40442.7
2011.2191	40481.1
2011.2256	40537.3
2011.2335	40606.2
2011.2355	40623.5
2011.2408	40668.7
2011.2463	40716.8
2011.2466	40719.2
2011.2561	40801.5
2011.2665	40889.9
2011.2864	41054.8
2011.2888	41075.7
2011.2894	41080.8
2011.2897	41082.8
2011.2898	41084.2
2011.2940	41119.7
2011.2974	41149.2
2011.2990	41163.0
2011.3003	41174.3
2011.3013	41182.6
2011.3036	41202.5
2011.3074	41234.4
2011.3086	41243.9
2011.3222	41348.4
2011.3225	41350.7
2011.3250	41371.6
2011.3264	41384.1
2011.3282	41399.6
2011.3446	41537.4
2011.3535	41599.0
2011.3606	41657.5
2011.3653	41698.0
2011.3665	41707.4
2011.3695	41729.9
2011.3698	41731.9
2011.3717	41745.0
2011.3718	41745.6
2011.3741	41764.3
2011.3838	41846.8
2011.3957	41948.7
2011.3977	41964.9
2011.4006	41990.1
2011.4082	42054.5
2011.4119	42087.2
2011.4362	42295.5
2011.4437	42357.8
2011.4482	42396.3
2011.4518	42428.1
2011.4619	42512.9
2011.4722	42581.7
2011.4834	42674.3
2011.4854	42691.3
2011.4854	42691.6
2011.4859	42696.2
2011.4943	42768.1
2011.5041	42839.0
2011.5094	42884.5
2011.5190	42967.1
2011.5206	42981.2
2011.5210	42984.5
2011.5288	43051.5
2011.5353	43108.0
2011.5381	43131.4
2011.5381	43131.8
2011.5549	43275.1
2011.5552	43277.6
2011.5639	43352.7
2011.5655	43367.2
2011.5665	43375.7
2011.5721	43424.2
2011.5847	43525.5
2011.5886	43558.6
2011.5886	43559.2
2011.5931	43597.5
2011.5939	43603.8
2011.5974	43634.2
2011.6044	43693.0
2011.6061	43707.5
2011.6098	43739.0
2011.6175	43805.6
2011.6230	43852.9
2011.6297	43910.6
2011.6327	43934.5
2011.6360	43963.3
2011.6393	43988.7
2011.6398	43993.0
2011.6564	44137.1
2011.6598	44166.4
2011.6610	44176.5
2011.6638	44201.1
2011.6658	44218.9
2011.6714	44267.8
2011.6719	44271.6
2011.6723	44275.6
2011.6732	44282.9
2011.6754	44301.5
2011.6817	44351.7
2011.6886	44411.6
2011.6897	44421.1
2011.6904	44426.9
2011.6910	44432.6
2011.6918	44439.7
2011.6924	44445.3
2011.6928	44448.4
2011.6943	44461.0
2011.7002	44513.2
2011.7045	44550.5
2011.7067	44569.9
2011.7147	44638.8
2011.7148	44639.8
2011.7153	44644.3
2011.7256	44731.5
2011.7301	44770.5
2011.7305	44773.8
2011.7416	44866.7
2011.7430	44879.1
2011.7496	44923.3
2011.7594	45005.2
2011.7837	45218.4
2011.7922	45293.8
2011.7955	45322.9
2011.7994	45354.3
2011.8044	45395.6
2011.8049	45400.1
2011.8057	45406.6
2011.8074	45421.4
2011.8211	45542.2
2011.8338	45653.6
2011.8378	45689.0
2011.8402	45710.9
2011.8469	45770.1
2011.8491	45789.3
2011.8543	45836.0
2011.8578	45866.5
2011.8610	45895.0
2011.8658	45937.5
2011.8696	45970.5
2011.8772	46035.3
2011.8830	46086.4
2011.8979	46217.5
2011.9020	46253.4
2011.9124	46343.1
2011.9225	46432.8
2011.9247	46452.2
2011.9344	46533.0
2011.9377	46562.3
2011.9391	46574.6
2011.9499	46669.4
2011.9547	46711.9
2011.9575	46736.7
2011.9576	46737.0
2011.9648	46797.8
2011.9655	46803.4
2011.9665	46811.7
2011.9685	46829.3
2011.9685	46829.7
2011.9848	46970.4
2011.9849	46971.1
2011.9887	47003.2
2011.9958	47066.4
2011.9978	47084.0
2011.9983	47087.7
2012.0113	47157.8
2012.0151	47190.8
2012.0321	47316.9
2012.0563	47490.8
2012.0637	47551.9
2012.0647	47559.8
2012.0736	47634.9
2012.0743	47641.2
2012.0757	47653.3
2012.0775	47669.1
2012.0937	47796.8
2012.0993	47845.5
2012.1090	47925.5
2012.1148	47976.0
2012.1191	48010.6
2012.1239	48039.0
2012.1415	48185.4
2012.1484	48246.2
2012.1506	48265.5
2012.1531	48286.7
2012.1598	48345.0
2012.1695	48427.7
2012.1748	48473.7
2012.1855	48566.8
2012.2032	48710.8
2012.2033	48711.8
2012.2072	48745.4
2012.2094	48764.9
2012.2146	48810.0
2012.2155	48818.1
2012.2191	48849.7
2012.2205	48861.5
2012.2248	48898.6
2012.2291	48936.4
2012.2356	48993.5
2012.2517	49133.8
2012.2576	49186.0
2012.2809	49385.6
2012.2843	49415.1
2012.2873	49440.7
2012.2954	49512.2
2012.3087	49628.1
2012.3154	49686.2
2012.3254	49773.7
2012.3271	49788.3
2012.3274	49791.0
2012.3294	49809.0
2012.3327	49837.5
2012.3454	49948.2
2012.3470	49962.6
2012.3472	49964.5
2012.3475	49966.6
2012.3505	49993.4
2012.3616	50089.8
2012.3638	50109.4
2012.3649	50118.9
2012.3670	50137.7
2012.3695	50159.4
2012.3840	50286.1
2012.3916	50353.1
2012.4053	50473.3
2012.4062	50480.7
2012.4133	50543.8
2012.4211	50611.8
2012.4219	50619.5
2012.4249	50645.7
2012.4329	50715.6
2012.4341	50726.3
2012.4347	50731.4
2012.4352	50735.8
2012.4389	50768.3
2012.4423	50798.6
2012.4456	50827.2
2012.4483	50851.4
2012.4595	50948.7
2012.4604	50955.0
2012.4674	51011.5
2012.4700	51034.0
2012.4890	51200.3
2012.4907	51215.4
2012.5012	51305.3
2012.5015	51307.7
2012.5065	51349.0
2012.5076	51359.3
2012.5158	51430.6
2012.5196	51463.1
2012.5208	51473.5
2012.5221	51485.2
2012.5230	51493.4
2012.5283	51539.9
2012.5341	51589.9
2012.5383	51626.6
2012.5414	51652.9
2012.5414	51653.5
2012.5455	51688.9
2012.5466	51698.6
2012.5502	51730.3
2012.5586	51803.3
2012.5588	51805.6
2012.5628	51840.1
2012.5636	51847.3
2012.5716	51912.5
2012.5766	51956.4
2012.5873	52049.9
2012.5944	52111.1
2012.6169	52215.2
2012.6173	52217.5
2012.6226	52261.9
2012.6279	52308.4
2012.6322	52345.6
2012.6374	52389.4
2012.6452	52457.1
2012.6512	52509.9
2012.6554	52546.4
2012.6708	52681.1
2012.6863	52815.3
2012.7016	52948.8
2012.7046	52975.0
2012.7070	52996.6
2012.7162	53076.9
2012.7311	53206.1
2012.7384	53254.7
2012.7455	53315.3
2012.7499	53353.1
2012.7593	53434.6
2012.7655	53488.0
2012.7692	53520.3
2012.7856	53661.7
2012.7859	53664.2
2012.7961	53750.0
2012.7975	53761.8
2012.8014	53796.2
2012.8022	53802.4
2012.8046	53823.3
2012.8061	53836.6
2012.8144	53907.8
2012.8175	53934.1
2012.8241	53987.0
2012.8413	54128.6
2012.8505	54209.0
2012.8509	54212.2
2012.8592	54283.7
2012.8634	54320.6
2012.8863	54520.4
2012.8951	54596.5
2012.8964	54607.2
2012.9076	54704.6
2012.9080	54708.1
2012.9103	54728.2
2012.9105	54729.8
2012.9144	54764.1
2012.9168	54785.4
2012.9246	54852.6
2012.9367	54958.4
2012.9376	54966.5
2012.9421	55005.3
2012.9529	55097.9
2012.9613	55171.0
2012.9614	55171.7
2012.9702	55247.9
2012.9703	55248.7
2012.9921	55436.0
2012.9932	55445.0
2013.0134	55618.9
2013.0184	55661.9
2013.0188	55664.7
2013.0194	55669.8
2013.0329	55786.7
2013.0340	55796.3
2013.0373	55824.9
2013.0374	55826.1
2013.0453	55893.8
2013.0478	55911.7
2013.0480	55913.5
2013.0542	55968.5
2013.0575	55996.9
2013.0670	56078.1
2013.0708	56111.5
2013.0712	56114.9
2013.0750	56148.4
2013.0763	56160.1
2013.0857	56239.7
2013.0858	56240.6
2013.0865	56246.0
2013.0965	56331.5
2013.1001	56360.1
2013.1252	56574.5
2013.1280	56598.7
2013.1296	56612.3
2013.1433	56730.7
2013.1475	56767.8
2013.1482	56773.0
2013.1529	56814.4
2013.1538	56822.4
2013.1552	56835.3
2013.1617	56891.7
2013.1639	56911.2
2013.1695	56960.5
2013.1702	56965.9
2013.1708	56971.3
2013.1731	56991.9
2013.1761	57018.4
2013.1786	57040.2
2013.1830	57079.2
2013.1933	57170.1
2013.2025	57250.1
2013.2235	57433.5
2013.2417	57592.6
2013.2431	57604.6
2013.2493	57657.5
2013.2503	57663.1
2013.2627	57746.4
2013.2635	57754.1
2013.2727	57834.1
2013.2797	57895.4
2013.2819	57915.3
2013.2896	57982.3
2013.2928	58010.2
2013.2939	58019.8
2013.2947	58026.6
2013.3124	58181.0
2013.3177	58228.0
2013.3210	58255.1
2013.3255	58293.5
2013.3271	58307.7
2013.3273	58309.1
2013.3436	58452.1
2013.3501	58508.0
2013.3547	58548.5
2013.3595	58590.2
2013.3599	58593.7
2013.3636	58625.2
2013.3679	58662.6
2013.3810	58775.1
2013.3846	58804.2
2013.3884	58837.0
2013.3888	58840.8
2013.3896	58847.5
2013.3915	58862.7
2013.3940	58884.4
2013.3952	58894.9
2013.3995	58931.9
2013.4012	58946.9
2013.4069	58992.8
2013.4102	59020.4
2013.4145	59056.7
2013.4179	59086.3
2013.4198	59102.7
2013.4204	59108.5
2013.4211	59114.3
2013.4293	59185.8
2013.4309	59199.5
2013.4416	59289.9
2013.4456	59323.6
2013.4487	59351.0
2013.4490	59353.9
2013.4516	59375.9
2013.4646	59483.9
2013.4692	59520.1
2013.4738	59560.5
2013.4761	59579.8
2013.4807	59620.1
2013.4854	59661.2
2013.4946	59739.7
2013.5009	59792.0
2013.5020	59802.2
2013.5226	59967.3
2013.5253	59983.4
2013.5280	60000.1
2013.5366	60069.2
2013.5386	60086.2
2013.5396	60095.0
2013.5479	60167.1
2013.5500	60184.5
2013.5594	60266.6
2013.5944	60568.7
2013.5947	60571.8
2013.5980	60600.1
2013.6042	60654.3
2013.6057	60667.8
2013.6069	60676.6
2013.6101	60704.6
2013.6148	60745.2
2013.6159	60754.4
2013.6226	60811.3
2013.6247	60829.5
2013.6298	60874.3
2013.6316	60890.8
2013.6565	61027.6
2013.6645	61089.5
2013.6703	61138.8
2013.6711	61145.5
2013.6725	61157.1
2013.6742	61171.8
2013.6791	61213.0
2013.6825	61239.8
2013.6827	61241.4
2013.7047	61414.1
2013.7116	61472.4
2013.7177	61518.7
2013.7203	61540.9
2013.7283	61610.7
2013.7324	61646.3
2013.7385	61698.7
2013.7442	61748.2
2013.7582	61863.9
2013.7594	61874.8
2013.7705	61970.4
2013.7949	62113.1
2013.8011	62166.4
2013.8104	62248.1
2013.8135	62275.2
2013.8139	62278.6
2013.8182	62316.4
2013.8225	62354.2
2013.8244	62370.1
2013.8280	62402.1
2013.8371	62475.7
2013.8488	62575.2
2013.8562	62638.8
2013.8624	62692.1
2013.8647	62712.6
2013.8739	62791.7
2013.8773	62821.8
2013.8782	62828.9
2013.8784	62831.1
2013.8787	62833.4
2013.8885	62918.2
2013.8901	62932.2
2013.9036	63047.9
2013.9085	63090.2
2013.9094	63097.3
2013.9128	63126.1
2013.9138	63134.3
2013.9147	63142.5
2013.9163	63155.8
2013.9252	63231.4
2013.9303	63276.0
2013.9340	63307.4
2013.9597	63522.1
2013.9639	63556.8
2013.9651	63567.2
2013.9653	63569.0
2013.9816	63702.2
2013.9888	63758.3
2013.9890	63759.6
2013.9962	63821.4
2013.9974	63831.8
2014.0009	63861.9
2014.0096	63936.2
2014.0192	63994.6
2014.0238	64033.9
2014.0377	64152.0
2014.0397	64169.6
2014.0454	64217.9
2014.0457	64221.0
2014.0545	64296.0
2014.0584	64330.0
2014.0649	64385.5
2014.0695	64423.8
2014.0754	64472.5
2014.0760	64478.0
2014.0770	64486.0
2014.0833	64540.3
2014.0834	64541.4
2014.0895	64593.4
2014.0900	64597.8
2014.0906	64602.6
2014.1018	64688.7
2014.1044	64710.8
2014.1049	64714.9
2014.1067	64730.8
2014.1100	64758.8
2014.1312	64897.7
2014.1327	64906.9
2014.1331	64910.4
2014.1349	64924.4
2014.1464	65015.4
2014.1503	65048.0
2014.1611	65136.5
2014.1627	65150.3
2014.1667	65184.1
2014.1749	65253.3
2014.1777	65277.3
2014.1943	65416.1
2014.1961	65430.5
2014.1961	65430.9
2014.2028	65487.5
2014.2267	65689.3
2014.2420	65818.3
2014.2530	65913.0
2014.2592	65966.1
2014.2993	66295.0
2014.3029	66325.9
2014.3033	66329.7
2014.3050	66344.5
2014.3064	66356.6
2014.3155	66431.0
2014.3216	66483.9
2014.3237	66501.4
2014.3452	66690.2
2014.3540	66767.0
2014.3576	66798.3
2014.3576	66798.7
2014.3708	66912.5
2014.3726	66928.4
2014.3727	66929.2
2014.3727	66929.8
2014.3990	67157.1
2014.4087	67240.1
2014.4089	67241.9
2014.4152	67297.5
2014.4239	67374.7
2014.4239	67374.9
2014.4245	67379.5
2014.4358	67479.5
2014.4464	67573.0
2014.4534	67634.3
2014.4662	67747.1
2014.4718	67796.3
2014.4735	67810.8
2014.4735	67810.9
2014.4767	67838.1
2014.4931	67981.5
2014.4931	67981.8
2014.4938	67987.8
2014.4951	67999.3
2014.4978	68023.4
2014.5003	68044.6
2014.5087	68118.4
2014.5117	68145.3
2014.5240	68252.4
2014.5263	68272.2
2014.5268	68277.2
2014.5278	68285.4
2014.5323	68324.7
2014.5331	68332.4
2014.5356	68353.6
2014.5359	68356.5
2014.5379	68373.7
2014.5454	68439.6
2014.5486	68467.3
2014.5544	68512.5
2014.5571	68535.9
2014.5583	68546.0
2014.5611	68569.7
2014.5621	68578.8
2014.5651	68604.5
2014.5652	68605.4
2014.5656	68609.4
2014.5662	68614.7
2014.5819	68750.8
2014.5832	68761.6
2014.5841	68769.8
2014.5959	68872.8
2014.5961	68874.0
2014.6030	68934.3
2014.6088	68985.2
2014.6108	69002.4
2014.6176	69062.3
2014.6325	69192.2
2014.6369	69229.9
2014.6373	69233.8
2014.6403	69259.7
2014.6408	69264.2
2014.6489	69335.1
2014.6728	69544.1
2014.6821	69624.9
2014.6829	69631.9
2014.6898	69692.5
2014.6936	69726.0
2014.6998	69780.7
2014.7025	69804.0
2014.7070	69841.8
2014.7185	69943.4
2014.7186	69943.6
2014.7208	69963.7
2014.7228	69980.7
2014.7321	70062.9
2014.7367	70103.6
2014.7404	70136.1
2014.7449	70175.9
2014.7479	70201.5
2014.7519	70237.1
2014.7590	70299.5
2014.7595	70303.6
2014.7651	70350.1
2014.7655	70352.8
2014.7839	70479.2
2014.8022	70629.5
2014.8034	70639.7
2014.8043	70647.3
2014.8121	70716.6
2014.8183	70771.7
2014.8237	70818.9
2014.8240	70821.4
2014.8240	70821.7
2014.8339	70909.7
2014.8410	70971.7
2014.8491	71042.0
2014.8519	71066.8
2014.8563	71105.6
2014.8605	71143.4
2014.8618	71154.2
2014.8635	71169.7
2014.8660	71191.6
2014.8703	71229.5
2014.8719	71243.7
2014.8736	71258.0
2014.8759	71278.6
2014.8770	71288.8
2014.8861	71365.5
2014.8877	71380.5
2014.8923	71417.4
2014.9080	71553.4
2014.9107	71577.0
2014.9130	71597.7
2014.9133	71600.3
2014.9233	71680.5
2014.9316	71754.2
2014.9371	71802.2
2014.9426	71849.3
2014.9472	71890.3
2014.9520	71932.1
2014.9522	71933.9
2014.9545	71953.1
2014.9566	71971.0
2014.9674	72065.1
2014.9702	72089.2
2014.9807	72172.6
2014.9835	72194.9
2015.0007	72340.5
2015.0065	72391.5
2015.0111	72431.7
2015.0227	72533.0
2015.0309	72600.2
2015.0428	72698.8
2015.0532	72784.0
2015.0546	72796.2
2015.0583	72828.2
2015.0605	72847.6
2015.0808	72989.5
2015.0811	72991.8
2015.0884	73055.5
2015.1196	73320.9
2015.1272	73386.3
2015.1295	73404.4
2015.1310	73417.4
2015.1319	73425.4
2015.1457	73543.8
2015.1471	73555.4
2015.1498	73579.0
2015.1660	73714.4
2015.1938	73899.6
2015.1973	73927.5
2015.2052	73995.5
2015.2161	74087.5
2015.2176	74100.1
2015.2258	74170.2
2015.2300	74205.7
2015.2327	74227.7
2015.2345	74243.6
2015.2361	74257.4
2015.2553	74422.4
2015.2626	74484.6
2015.2699	74547.5
2015.2720	74565.8
2015.2738	74581.1
2015.2920	74734.5
2015.2946	74755.3
2015.2962	74768.5
2015.3020	74818.6
2015.3061	74854.1
2015.3090	74879.8
2015.3211	74984.3
2015.3227	74998.2
2015.3231	75001.8
2015.3260	75026.6
2015.3379	75128.3
2015.3400	75146.7
2015.3549	75276.9
2015.3650	75365.0
2015.3691	75400.6
2015.3706	75413.7
2015.3746	75446.2
2015.3847	75530.7
2015.3876	75555.7
2015.3883	75562.5
2015.3915	75589.6
2015.4053	75709.4
2015.4134	75779.5
2015.4185	75824.1
2015.4274	75897.8
2015.4293	75914.1
2015.4306	75925.5
2015.4308	75927.4
2015.4340	75954.8
2015.4624	76149.0
2015.4736	76247.2
2015.4758	76266.0
2015.4796	76299.0
2015.4837	76334.5
2015.4860	76355.2
2015.4899	76387.9
2015.4909	76396.8
2015.4917	76404.1
2015.5077	76543.0
2015.5079	76544.5
2015.5335	76763.5
2015.5405	76824.8
2015.5574	76971.6
2015.5643	77031.3
2015.5705	77081.1
2015.5749	77119.6
2015.5885	77235.8
2015.5968	77308.0
2015.5998	77332.9
2015.6009	77340.8
2015.6044	77363.4
2015.6147	77445.0
2015.6268	77542.6
2015.6289	77561.1
2015.6372	77632.1
2015.6464	77711.0
2015.6494	77737.0
2015.6536	77773.5
2015.6574	77806.3
2015.6606	77829.7
2015.6701	77893.1
2015.6735	77922.6
2015.6962	78113.1
2015.7003	78148.9
2015.7018	78162.0
2015.7179	78300.6
2015.7207	78324.6
2015.7216	78332.0
2015.7319	78419.4
2015.7324	78423.3
2015.7353	78448.5
2015.7359	78454.2
2015.7408	78496.5
2015.7443	78526.4
2015.7445	78528.5
2015.7533	78600.2
2015.7564	78613.6
2015.7583	78620.7
2015.7717	78706.7
2015.7731	78717.0
2015.7848	78806.8
2015.7883	78837.4
2015.8095	79021.6
2015.8120	79041.2
2015.8145	79061.9
2015.8203	79110.7
2015.8299	79191.5
2015.8411	79270.3
2015.8450	79304.6
2015.8562	79398.1
2015.8580	79413.6
2015.8654	79477.7
2015.8796	79600.0
2015.8829	79628.5
2015.8911	79699.1
2015.8986	79764.0
2015.9155	79901.5
2015.9179	79920.3
2015.9227	79961.6
2015.9401	80106.3
2015.9406	80110.3
2015.9434	80134.1
2015.9459	80155.2
2015.9483	80176.3
2015.9519	80206.3
2015.9557	80226.7
2015.9657	80311.9
2015.9685	80336.2
2015.9763	80398.6
2015.9770	80404.1
2015.9778	80411.0
2015.9832	80457.0
2015.9851	80473.1
2015.9908	80521.3
2016.0243	80793.5
2016.0337	80870.9
2016.0345	80878.1
2016.0357	80888.1
2016.0402	80925.4
2016.0557	81056.0
2016.0558	81056.9
2016.0677	81149.4
2016.0714	81177.1
2016.0715	81177.2
2016.0769	81220.9
2016.0778	81227.9
2016.0873	81289.0
2016.0879	81293.7
2016.1026	81411.2
2016.1044	81426.4
2016.1061	81440.0
2016.1098	81470.6
2016.1367	81691.5
2016.1380	81702.7
2016.1635	81911.5
2016.1655	81928.2
2016.1687	81954.5
2016.1690	81957.1
2016.1703	81968.2
2016.1724	81985.1
2016.1732	81991.3
2016.1802	82037.1
2016.1856	82081.8
2016.1862	82087.0
2016.1895	82114.0
2016.1922	82136.7
2016.1926	82139.9
2016.1935	82147.4
2016.1946	82156.2
2016.1974	82179.8
2016.2009	82208.4
2016.2077	82265.3
2016.2128	82307.4
2016.2148	82324.4
2016.2155	82329.7
2016.2169	82341.4
2016.2194	82362.4
2016.2281	82434.9
2016.2328	82474.2
2016.2349	82491.6
2016.2354	82496.1
2016.2372	82510.4
2016.2405	82537.6
2016.2528	82633.9
2016.2641	82727.6
2016.2776	82840.2
2016.2802	82861.0
2016.2825	82880.5
2016.2882	82926.9
2016.2938	82972.6
2016.2959	82988.8
2016.3007	83022.8
2016.3043	83052.8
2016.3104	83103.2
2016.3158	83146.9
2016.3173	83158.0
2016.3291	83254.6
2016.3335	83291.1
2016.3419	83356.2
2016.3460	83389.6
2016.3492	83411.9
2016.3529	83438.7
2016.3559	83460.3
2016.4006	83554.1
2016.4065	83601.0
2016.4080	83612.9
2016.4185	83692.7
2016.4366	83833.9
2016.4368	83835.0
2016.4503	83944.3
2016.4548	83980.6
2016.4561	83990.8
2016.4697	84099.7
2016.4706	84107.0
2016.4831	84207.1
2016.4912	84271.2
2016.5018	84357.0
2016.5094	84416.9
2016.5146	84459.5
2016.5179	84485.5
2016.5188	84493.1
2016.5213	84513.1
2016.5293	84572.3
2016.5400	84657.0
2016.5430	84681.3
2016.5481	84723.1
2016.5523	84757.0
2016.5715	84913.4
2016.5716	84914.6
2016.5779	84966.3
2016.5891	85058.4
2016.5951	85107.4
2016.5996	85144.6
2016.6008	85154.4
2016.6011	85156.4
2016.6119	85244.6
2016.6240	85344.1
2016.6286	85379.7
2016.6344	85422.6
2016.6377	85449.9
2016.6413	85479.1
2016.6415	85480.9
2016.6549	85588.5
2016.6560	85597.5
2016.6648	85668.6
2016.6686	85699.6
2016.6868	85846.8
2016.6905	85876.7
2016.6929	85895.6
2016.6934	85899.8
2016.6943	85907.3
2016.7052	85983.1
2016.7054	85984.6
2016.7215	86113.9
2016.7215	86114.1
2016.7243	86136.1
2016.7261	86150.9
2016.7441	86294.9
2016.7450	86302.0
2016.7558	86388.4
2016.7641	86454.3
2016.7710	86508.5
2016.7762	86549.8
2016.7821	86596.6
2016.7831	86604.3
2016.7868	86634.1
2016.7910	86667.3
2016.7918	86673.2
2016.7951	86699.6
2016.8130	86824.4
2016.8173	86857.9
2016.8267	86932.9
2016.8277	86940.6
2016.8309	86966.3
2016.8398	87036.7
2016.8436	87066.6
2016.8493	87111.7
2016.8567	87169.8
2016.8593	87190.2
2016.8619	87210.6
2016.8644	87230.6
2016.8753	87316.4
2016.8924	87442.6
2016.8965	87474.8
2016.8988	87491.7
2016.8999	87497.2
2016.9161	87566.8
2016.9178	87580.4
2016.9223	87615.6
2016.9289	87661.0
2016.9303	87671.5
2016.9511	87837.3
2016.9537	87858.2
2016.9644	87942.9
2016.9682	87973.6
2016.9694	87983.4
2016.9758	88032.5
2016.9774	88045.6
2016.9852	88104.8
2016.9869	88118.1
2016.9973	88200.4
2016.9998	88220.5
2017.0060	88269.8
2017.0098	88300.7
2017.0180	88367.7
2017.0193	88378.3
2017.0221	88401.5
2017.0234	88412.2
2017.0348	88506.3
2017.0366	88520.7
2017.0457	88590.7
2017.0545	88662.7
2017.0551	88667.1
2017.0583	88693.8
2017.0706	88789.7
2017.0724	88804.2
2017.0850	88907.4
2017.0900	88947.0
2017.0940	88979.4
2017.1014	89033.5
2017.1058	89067.9
2017.1064	89072.9
2017.1065	89074.3
2017.1089	89093.3
2017.1104	89105.4
2017.1147	89140.7
2017.1163	89154.3
2017.1229	89207.5
2017.1256	89226.3
2017.1272	89235.4
2017.1328	89275.7
2017.1383	89320.1
2017.1388	89324.1
2017.1429	89357.9
2017.1531	89439.4
2017.1558	89454.3
2017.1601	89477.4
2017.1606	89480.1
2017.1668	89513.1
2017.1741	89572.3
2017.1752	89581.5
2017.1864	89671.8
2017.1919	89715.7
2017.2073	89840.5
2017.2128	89884.7
2017.2259	89970.3
2017.2347	90040.9
2017.2401	90084.5
2017.2412	90092.6
2017.2486	90145.9
2017.2624	90245.1
2017.2632	90250.6
2017.2646	90261.6
2017.2721	90322.0
2017.2824	90391.9
2017.2871	90429.3
2017.2946	90489.2
2017.3050	90571.1
2017.3288	90759.9
2017.3550	90968.4
2017.3557	90973.6
2017.3645	91043.7
2017.3701	91088.1
2017.3835	91190.4
2017.3848	91200.9
2017.3883	91229.3
2017.3902	91244.0
2017.3907	91248.1
2017.3923	91261.4
2017.3938	91273.1
2017.3973	91300.9
2017.3978	91304.9
2017.4059	91369.7
2017.4094	91396.9
2017.4216	91484.3
2017.4257	91517.6
2017.4292	91545.6
2017.4378	91612.6
2017.4438	91661.1
2017.4474	91689.6
2017.4638	91821.4
2017.4658	91838.0
2017.4660	91839.6
2017.4666	91844.4
2017.4702	91873.4
2017.4726	91891.7
2017.4734	91896.3
2017.4835	91951.7
2017.4952	91995.6
2017.5027	92056.7
2017.5070	92091.1
2017.5168	92171.4
2017.5214	92208.6
2017.5441	92392.2
2017.5446	92396.0
2017.5473	92417.8
2017.5481	92424.3
2017.5524	92459.3
2017.5571	92497.1
2017.5592	92514.1
2017.5727	92622.8
2017.5729	92624.1
2017.5898	92760.4
2017.5920	92777.8
2017.6082	92879.8
2017.6096	92890.7
2017.6153	92936.7
2017.6195	92970.4
2017.6268	93029.9
2017.6277	93037.3
2017.6330	93081.4
2017.6346	93094.8
2017.6479	93193.4
2017.6487	93199.1
2017.6537	93239.2
2017.6583	93277.1
2017.6635	93319.8
2017.6689	93364.9
2017.6697	93372.1
2017.6699	93373.8
2017.6764	93421.7
2017.6902	93539.8
2017.6916	93551.5
2017.6925	93559.4
2017.6987	93613.0
2017.6988	93613.6
2017.7072	93685.5
2017.7119	93726.6
2017.7144	93747.5
2017.7165	93765.9
2017.7216	93809.7
2017.7331	93907.7
2017.7342	93917.8
2017.7365	93937.5
2017.7419	93983.3
2017.7476	94031.5
2017.7560	94104.1
2017.7595	94134.4
2017.7782	94287.1
2017.7811	94312.7
2017.7887	94373.1
2017.7955	94410.0
2017.8003	94451.6
2017.8084	94521.7
2017.8277	94689.1
2017.8360	94761.4
2017.8393	94789.7
2017.8482	94867.7
2017.8498	94881.5
2017.8606	94976.2
2017.8658	95021.0
2017.8665	95026.8
2017.8736	95088.6
2017.8851	95187.1
2017.8853	95189.5
2017.8941	95264.5
2017.9085	95390.2
2017.9119	95419.8
2017.9143	95440.6
2017.9224	95509.4
2017.9234	95515.2
2017.9279	95547.4
2017.9368	95622.2
2017.9440	95684.3
2017.9471	95711.2
2017.9475	95714.4
2017.9516	95749.3
2017.9698	95906.8
2017.9711	95918.5
2017.9729	95933.9
2017.9773	95971.6
2017.9814	96007.6
2017.9898	96081.1
2017.9900	96082.7
2017.9902	96084.6
2018.0026	96189.2
2018.0080	96233.5
2018.0084	96236.7
2018.0085	96237.7
2018.0109	96258.7
2018.0171	96311.2
2018.0200	96334.7
2018.0202	96336.6
2018.0228	96358.1
2018.0377	96473.6
2018.0492	96571.2
2018.0525	96600.1
2018.0532	96606.2
2018.0558	96628.3
2018.0582	96649.4
2018.0615	96672.2
2018.0712	96752.4
2018.0840	96861.2
2018.0890	96902.7
2018.0963	96965.0
2018.0991	96989.0
2018.1011	97006.0
2018.1012	97006.6
2018.1046	97036.1
2018.1063	97049.5
2018.1289	97242.5
2018.1322	97269.3
2018.1326	97273.0
2018.1419	97350.6
2018.1449	97376.1
2018.1450	97377.4
2018.1472	97395.9
2018.1539	97453.1
2018.1556	97467.7
2018.1577	97485.3
2018.1600	97504.6
2018.1681	97574.4
2018.1711	97600.4
2018.1770	97650.5
2018.1806	97680.8
2018.1817	97690.6
2018.1864	97730.9
2018.1878	97742.7
2018.1885	97748.7
2018.1899	97760.9
2018.1908	97768.5
2018.1986	97835.1
2018.2058	97897.6
2018.2078	97915.4
2018.2135	97964.7
2018.2177	98001.4
2018.2235	98051.1
2018.2265	98077.3
2018.2281	98091.0
2018.2409	98202.4
2018.2460	98245.3
2018.2489	98270.6
2018.2524	98300.6
2018.2558	98329.8
2018.2576	98345.8
2018.2593	98360.6
2018.2617	98381.2
2018.2618	98381.9
2018.2640	98401.3
2018.2675	98430.9
2018.2692	98446.1
2018.2768	98511.0
2018.2793	98533.1
2018.2878	98605.7
2018.2940	98659.6
2018.3126	98818.2
2018.3130	98821.9
2018.3277	98949.6
2018.3316	98983.4
2018.3327	98993.0
2018.3363	99023.7
2018.3400	99056.3
2018.3402	99058.2
2018.3432	99083.6
2018.3440	99091.0
2018.3499	99142.2
2018.3720	99332.5
2018.3756	99363.1
2018.3812	99411.8
2018.3896	99483.4
2018.3914	99499.4
2018.3937	99519.3
2018.4104	99662.3
2018.4110	99667.5
2018.4127	99682.1
2018.4156	99707.4
2018.4222	99764.1
2018.4244	99783.3
2018.4277	99810.8
2018.4285	99817.7
2018.4294	99825.6
2018.4343	99867.8
2018.4447	99957.4
2018.4486	99990.8
2018.4503	100006.3
2018.4510	100011.8
2018.4517	100018.3
2018.4518	100018.5
2018.4539	100037.0
2018.4669	100149.4
2018.4748	100218.1
2018.4778	100244.0
2018.4799	100262.9
2018.4993	100430.6
2018.5121	100536.3
2018.5153	100563.7
2018.5158	100568.4
2018.5172	100579.9
2018.5182	100588.6
2018.5198	100602.6
2018.5265	100658.9
2018.5363	100743.4
2018.5374	100752.8
2018.5408	100781.9
2018.5571	100920.4
2018.5625	100966.5
2018.5658	100995.4
2018.5664	100999.8
2018.5666	101001.5
2018.5744	101068.5
2018.5771	101092.1
2018.5834	101146.6
2018.5928	101224.3
2018.5950	101240.5
2018.6136	101397.8
2018.6138	101399.5
2018.6164	101421.9
2018.6279	101522.2
2018.6327	101564.0
2018.6342	101576.9
2018.6382	101611.8
2018.6510	101722.5
2018.6568	101773.2
2018.6568	101773.2
2018.6583	101786.3
2018.6627	101824.4
2018.6783	101941.5
2018.6790	101947.4
2018.6859	102007.3
2018.6898	102041.9
2018.6933	102071.8
2018.7019	102146.7
2018.7038	102163.0
2018.7060	102181.8
2018.7083	102202.1
2018.7124	102228.9
2018.7136	102239.3
2018.7160	102259.7
2018.7197	102291.6
2018.7233	102322.5
2018.7242	102329.2
2018.7317	102391.5
2018.7318	102392.5
2018.7383	102448.7
2018.7402	102464.9
2018.7403	102466.2
2018.7460	102515.2
2018.7467	102520.7
2018.7484	102536.0
2018.7495	102545.7
2018.7575	102614.1
2018.7595	102631.6
2018.7605	102640.4
2018.7696	102717.9
2018.7735	102751.1
2018.7772	102783.5
2018.7790	102798.7
2018.7800	102807.8
2018.7817	102822.0
2018.7867	102865.6
2018.7935	102924.0
2018.8054	103025.9
2018.8095	103061.4
2018.8104	103069.4
2018.8158	103115.7
2018.8267	103209.5
2018.8276	103218.0
2018.8281	103221.6
2018.8312	103248.5
2018.8322	103257.6
2018.8518	103426.0
2018.8543	103448.5
2018.8590	103488.2
2018.8641	103532.7
2018.8750	103626.3
2018.8765	103639.4
2018.8789	103660.2
2018.8792	103663.0
2018.8801	103670.7
2018.8837	103701.9
2018.8845	103708.9
2018.8922	103773.4
2018.8979	103821.9
2018.8989	103830.5
2018.9038	103873.0
2018.9078	103907.3
2018.9081	103909.3
2018.9104	103929.7
2018.9110	103934.6
2018.9215	104024.4
2018.9219	104028.1
2018.9228	104035.9
2018.9276	104076.8
2018.9318	104112.1
2018.9547	104307.3
2018.9649	104359.8
2018.9759	104451.1
2018.9823	104485.6
2018.9991	104622.6
2019.0036	104661.0
2019.0057	104678.8
2019.0080	104698.2
2019.0100	104712.9
2019.0116	104726.3
2019.0199	104795.9
2019.0336	104913.9
2019.0403	104972.2
2019.0411	104978.9
2019.0472	105031.7
2019.0557	105104.4
2019.0557	105104.8
2019.0574	105119.5
2019.0640	105175.4
2019.0790	105303.1
2019.0802	105313.1
2019.0821	105329.3
2019.0841	105346.8
2019.0990	105473.8
2019.1025	105501.1
2019.1036	105510.9
2019.1088	105555.0
2019.1160	105616.9
2019.1177	105631.6
2019.1221	105668.5
2019.1247	105691.1
2019.1274	105713.8
2019.1279	105717.7
2019.1350	105778.4
2019.1361	105787.7
2019.1378	105802.1
2019.1382	105805.5
2019.1399	105820.5
2019.1513	105917.3
2019.1522	105924.5
2019.1626	106013.7
2019.1676	106056.0
2019.1685	106063.9
2019.1688	106065.7
2019.1713	106087.2
2019.1715	106088.8
2019.1772	106137.1
2019.1886	106234.0
2019.1919	106262.2
2019.2025	106352.3
2019.2028	106355.1
2019.2035	106360.6
2019.2044	106368.5
2019.2216	106511.2
2019.2240	106531.8
2019.2251	106541.0
2019.2285	106570.8
2019.2352	106628.6
2019.2582	106825.6
2019.2633	106869.3
2019.2638	106873.2
2019.2740	106961.0
2019.2774	106990.0
2019.2790	107003.9
2019.2805	107016.8
2019.3009	107192.4
2019.3026	107207.5
2019.3099	107270.1
2019.3099	107270.2
2019.3136	107302.2
2019.3186	107345.9
2019.3215	107370.7
2019.3264	107412.8
2019.3500	107616.3
2019.3591	107694.4
2019.3665	107757.8
2019.3738	107820.6
2019.3880	107915.1
2019.4028	108024.5
2019.4044	108038.6
2019.4100	108086.2
2019.4103	108089.2
2019.4118	108101.7
2019.4123	108106.5
2019.4124	108106.8
2019.4165	108142.5
2019.4227	108193.8
2019.4253	108216.2
2019.4284	108242.7
2019.4291	108248.9
2019.4361	108308.5
2019.4374	108320.4
2019.4541	108463.5
2019.4579	108496.9
2019.4581	108498.2
2019.4583	108499.8
2019.4593	108508.8
2019.4613	108526.0
2019.4690	108591.6
2019.4701	108601.0
2019.4744	108638.6
2019.4787	108675.1
2019.4792	108679.5
2019.4808	108692.9
2019.4929	108797.4
2019.4970	108832.9
2019.4996	108854.7
2019.5007	108864.3
2019.5158	108994.0
2019.5159	108995.6
2019.5163	108998.9
2019.5163	108999.1
2019.5233	109059.2
2019.5278	109098.0
2019.5288	109106.4
2019.5402	109204.7
2019.5480	109271.8
2019.5558	109338.9
2019.5570	109349.0
2019.5573	109351.0
2019.5602	109376.3
2019.5648	109415.3
2019.5753	109504.8
2019.5798	109543.0
2019.5838	109576.9
2019.5884	109616.3
2019.6024	109736.9
2019.6236	109917.4
2019.6237	109919.1
2019.6251	109930.3
2019.6283	109958.2
2019.6296	109968.9
2019.6359	110022.5
2019.6370	110032.4
2019.6415	110070.3
2019.6573	110205.8
2019.6584	110215.7
2019.6664	110284.0
2019.6726	110337.3
2019.6750	110357.6
2019.6752	110359.6
2019.6788	110391.0
2019.6841	110436.5
2019.6923	110506.3
2019.6961	110539.3
2019.6967	110544.5
2019.7001	110573.8
2019.7041	110607.8
2019.7102	110660.9
2019.7179	110727.1
2019.7324	110851.2
2019.7383	110901.9
2019.7425	110938.0
2019.7430	110942.2
2019.7432	110943.7
2019.7700	111173.0
2019.7950	111387.4
2019.8014	111442.0
2019.8031	111456.3
2019.8034	111458.9
2019.8042	111465.8
2019.8078	111496.8
2019.8079	111497.2
2019.8141	111550.2
2019.8182	111585.0
2019.8242	111636.8
2019.8264	111655.2
2019.8280	111668.2
2019.8304	111688.6
2019.8367	111742.8
2019.8435	111800.5
2019.8467	111828.0
2019.8523	111875.9
2019.8590	111928.9
2019.8829	112129.2
2019.8883	112175.1
2019.8923	112209.1
2019.8955	112236.3
2019.8973	112251.4
2019.8998	112272.6
2019.9056	112322.1
2019.9060	112325.9
2019.9068	112332.5
2019.9195	112440.7
2019.9203	112447.7
2019.9213	112456.4
2019.9219	112461.4
2019.9300	112531.2
2019.9503	112659.7
2019.9731	112853.4
2019.9805	112916.3
2019.9868	112969.0
2019.9909	113004.2
2019.9988	113070.4
2020.0035	113110.6
2020.0174	113221.0
2020.0234	113271.2
2020.0277	113307.2
2020.0375	113390.0
2020.0407	113416.1
2020.0504	113498.1
2020.0513	113505.5
2020.0693	113656.0
2020.0711	113671.3
2020.0791	113736.6
2020.0820	113760.8
2020.0909	113836.1
2020.1016	113927.1
2020.1065	113968.7
2020.1068	113971.0
2020.1194	114078.0
2020.1216	114096.8
2020.1225	114104.5
2020.1234	114112.5
2020.1318	114182.9
2020.1362	114220.5
2020.1451	114295.9
2020.1470	114312.6
2020.1472	114314.0
2020.1509	114345.3
2020.1535	114367.7
2020.1570	114397.8
2020.1601	114424.1
2020.1608	114430.1
2020.1630	114448.5
2020.1668	114481.0
2020.1746	114547.0
2020.1785	114579.9
2020.1802	114595.1
2020.1835	114622.9
2020.1988	114751.5
2020.2046	114800.1
2020.2072	114821.4
2020.2081	114829.4
2020.2099	114844.7
2020.2140	114878.6
2020.2183	114914.9
2020.2195	114925.2
2020.2261	114980.6
2020.2265	114984.1
2020.2306	115019.3
2020.2405	115102.5
2020.2426	115120.2
2020.2595	115263.3
2020.2612	115278.0
2020.2697	115349.7
2020.2726	115373.6
2020.2755	115398.0
2020.2756	115398.8
2020.2763	115404.6
2020.2779	115418.4
2020.2793	115430.2
2020.2863	115488.8
2020.3043	115639.2
2020.3143	115723.3
2020.3221	115788.1
2020.3357	115901.4
2020.3373	115914.5
2020.3374	115915.5
2020.3387	115926.5
2020.3432	115964.0
2020.3519	116036.7
2020.3526	116042.7
2020.3848	116310.3
2020.3849	116311.6
2020.3908	116358.5
2020.4011	116442.2
2020.4014	116445.3
2020.4027	116456.1
2020.4097	116513.0
2020.4130	116540.0
2020.4140	116548.5
2020.4164	116568.3
2020.4235	116627.0
2020.4447	116793.2
2020.4452	116796.7
2020.4486	116825.2
2020.4504	116840.0
2020.4637	116950.0
2020.4640	116953.0
2020.4657	116967.1
2020.4703	117005.0
2020.4813	117097.4
2020.4829	117110.7
2020.4988	117244.1
2020.5009	117261.4
2020.5053	117298.8
2020.5061	117305.7
2020.5143	117358.8
2020.5172	117382.7
2020.5185	117394.1
2020.5188	117396.4
2020.5193	117400.8
2020.5244	117443.3
2020.5266	117461.5
2020.5321	117507.8
2020.5347	117528.8
2020.5380	117556.3
2020.5403	117574.4
2020.5418	117587.3
2020.5441	117606.6
2020.5444	117609.3
2020.5447	117611.7
2020.5452	117616.0
2020.5465	117627.0
2020.5476	117636.4
2020.5525	117677.1
2020.5644	117777.6
2020.5726	117845.8
2020.5744	117861.2
2020.5765	117879.0
2020.5782	117893.3
2020.5786	117896.4
2020.5794	117902.7
2020.5794	117903.3
2020.5844	117944.8
2020.5857	117956.2
2020.5924	118012.5
2020.5975	118055.8
2020.5996	118073.5
2020.6006	118082.0
2020.6011	118085.9
2020.6094	118155.9
2020.6204	118249.5
2020.6215	118258.2
2020.6277	118310.7
2020.6289	118320.9
2020.6459	118464.9
2020.6562	118551.3
2020.6583	118569.8
2020.6619	118600.1
2020.6651	118626.9
2020.6663	118637.4
2020.6683	118654.5
2020.6714	118680.1
2020.6717	118683.0
2020.6827	118776.5
2020.6891	118830.6
2020.6906	118843.6
2020.6908	118845.6
2020.6918	118853.6
2020.6944	118876.2
2020.6949	118879.9
2020.6949	118880.5
2020.6983	118908.9
2020.7021	118941.6
2020.7028	118947.2
2020.7043	118960.4
2020.7140	119042.0
2020.7175	119071.9
2020.7205	119097.8
2020.7229	119117.8
2020.7247	119133.1
2020.7552	119389.9
2020.7581	119414.3
2020.7646	119468.7
2020.7675	119493.2
2020.7746	119552.6
2020.7771	119573.6
2020.7806	119602.6
2020.7831	119624.2
2020.7852	119641.4
2020.7859	119647.3
2020.7895	119677.5
2020.7948	119721.7
2020.7962	119733.7
2020.8019	119781.9
2020.8080	119833.1
2020.8132	119876.1
2020.8778	120420.6
2020.8854	120483.8
2020.8856	120485.6
2020.8917	120536.7
2020.8918	120537.9
2020.8921	120540.5
2020.9034	120635.6
2020.9161	120741.5
2020.9173	120752.1
2020.9233	120802.0
2020.9263	120827.6
2020.9276	120838.6
2020.9301	120859.6
2020.9327	120881.1
2020.9330	120883.4
2020.9354	120904.1
2020.9364	120912.5
2020.9498	121023.6
2020.9647	121148.0
2020.9661	121159.4
2020.9744	121229.3
2020.9863	121328.7
2020.9967	121415.4
2020.9973	121420.0
