#i	X	Y	Z
0	-8.500	0.000	0.000
0	-8.500	0.000	0.000
0	-8.499	0.000	0.000
0	-8.493	0.000	0.002
0	-8.484	0.001	0.005
0	-8.473	0.001	0.008
0	-8.460	0.002	0.012
0	-8.445	0.002	0.016
0	-8.431	0.002	0.020
0	-8.416	0.002	0.024
0	-8.405	0.002	0.027
0	-8.396	0.002	0.030
0	-8.387	0.002	0.033
0	-8.378	0.002	0.036
0	-8.367	0.002	0.040
0	-8.354	0.002	0.045
0	-8.342	0.003	0.049
0	-8.331	0.004	0.054
0	-8.319	0.005	0.058
0	-8.306	0.006	0.063
0	-8.299	0.007	0.065
0	-8.290	0.007	0.068
0	-8.279	0.008	0.072
0	-8.267	0.009	0.076
0	-8.255	0.009	0.079
0	-8.244	0.008	0.081
0	-8.233	0.008	0.083
0	-8.223	0.007	0.084
0	-8.211	0.006	0.085
0	-8.200	0.005	0.085
0	-8.191	0.004	0.085
0	-8.182	0.003	0.085
0	-8.172	0.002	0.084
0	-8.162	0.001	0.084
0	-8.155	-0.000	0.083
0	-8.148	-0.001	0.082
0	-8.139	-0.002	0.081
0	-8.130	-0.003	0.080
0	-8.121	-0.004	0.079
0	-8.112	-0.004	0.079
0	-8.102	-0.004	0.078
0	-8.092	-0.004	0.078
0	-8.083	-0.004	0.078
0	-8.070	-0.002	0.078
0	-8.064	-0.002	0.078
0	-8.057	-0.001	0.078
0	-8.050	-0.001	0.077
0	-8.042	-0.001	0.077
0	-8.034	-0.001	0.077
0	-8.026	-0.001	0.077
0	-8.018	-0.001	0.077
0	-8.008	-0.002	0.077
0	-7.999	-0.002	0.076
0	-7.989	-0.003	0.076
0	-7.979	-0.004	0.076
0	-7.969	-0.006	0.076
0	-7.959	-0.007	0.076
0	-7.951	-0.008	0.076
0	-7.942	-0.009	0.076
0	-7.932	-0.010	0.077
0	-7.923	-0.011	0.078
0	-7.914	-0.013	0.079
0	-7.904	-0.015	0.080
0	-7.895	-0.017	0.082
0	-7.886	-0.019	0.085
0	-7.876	-0.022	0.087
0	-7.866	-0.025	0.090
0	-7.855	-0.027	0.092
0	-7.848	-0.029	0.094
0	-7.839	-0.032	0.095
0	-7.832	-0.034	0.097
0	-7.823	-0.037	0.099
0	-7.816	-0.039	0.100
0	-7.809	-0.041	0.101
0	-7.801	-0.044	0.103
0	-7.792	-0.047	0.104
0	-7.783	-0.051	0.105
0	-7.774	-0.054	0.106
0	-7.764	-0.059	0.107
0	-7.754	-0.063	0.108
0	-7.745	-0.067	0.109
0	-7.734	-0.071	0.109
0	-7.721	-0.075	0.110
0	-7.712	-0.078	0.110
0	-7.702	-0.082	0.110
0	-7.692	-0.085	0.109
0	-7.684	-0.087	0.108
0	-7.675	-0.090	0.107
0	-7.666	-0.093	0.107
0	-7.657	-0.096	0.106
0	-7.648	-0.100	0.105
0	-7.639	-0.103	0.105
0	-7.630	-0.106	0.104
0	-7.621	-0.110	0.104
0	-7.612	-0.113	0.104
0	-7.601	-0.117	0.104
0	-7.591	-0.121	0.104
0	-7.583	-0.123	0.105
0	-7.575	-0.126	0.105
0	-7.566	-0.128	0.105
0	-7.556	-0.131	0.106
0	-7.546	-0.133	0.106
0	-7.535	-0.136	0.106
0	-7.527	-0.138	0.106
0	-7.519	-0.140	0.106
0	-7.512	-0.142	0.106
0	-7.502	-0.144	0.106
0	-7.492	-0.146	0.106
0	-7.483	-0.149	0.106
0	-7.471	-0.152	0.105
0	-7.463	-0.153	0.105
0	-7.456	-0.155	0.104
0	-7.446	-0.157	0.103
0	-7.438	-0.159	0.103
0	-7.427	-0.162	0.103
0	-7.415	-0.165	0.102
0	-7.403	-0.168	0.102
0	-7.392	-0.171	0.102
0	-7.382	-0.174	0.101
0	-7.371	-0.177	0.101
0	-7.358	-0.180	0.100
0	-7.350	-0.182	0.100
0	-7.342	-0.185	0.100
0	-7.329	-0.188	0.100
0	-7.320	-0.191	0.100
0	-7.312	-0.194	0.100
0	-7.303	-0.198	0.100
0	-7.294	-0.202	0.100
0	-7.286	-0.206	0.100
0	-7.279	-0.210	0.100
0	-7.271	-0.214	0.100
0	-7.265	-0.217	0.100
0	-7.259	-0.220	0.099
0	-7.252	-0.224	0.099
0	-7.244	-0.227	0.098
0	-7.236	-0.231	0.096
0	-7.228	-0.235	0.094
0	-7.219	-0.240	0.091
0	-7.212	-0.243	0.088
0	-7.205	-0.246	0.085
0	-7.198	-0.248	0.082
0	-7.192	-0.250	0.079
0	-7.183	-0.253	0.074
0	-7.174	-0.256	0.069
0	-7.166	-0.259	0.064
0	-7.159	-0.261	0.059
0	-7.152	-0.263	0.054
0	-7.149	-0.264	0.051
0	-7.142	-0.267	0.045
0	-7.136	-0.270	0.040
0	-7.131	-0.273	0.034
0	-7.125	-0.276	0.028
0	-7.121	-0.279	0.023
0	-7.116	-0.282	0.018
0	-7.111	-0.285	0.013
0	-7.104	-0.290	0.006
0	-7.098	-0.294	0.001
0	-7.091	-0.299	-0.005
0	-7.083	-0.306	-0.011
0	-7.078	-0.311	-0.016
0	-7.073	-0.315	-0.020
0	-7.069	-0.320	-0.025
0	-7.064	-0.324	-0.029
0	-7.059	-0.329	-0.034
0	-7.054	-0.335	-0.039
0	-7.049	-0.341	-0.044
0	-7.044	-0.346	-0.048
0	-7.041	-0.350	-0.052
0	-7.036	-0.356	-0.057
0	-7.031	-0.364	-0.062
0	-7.027	-0.370	-0.066
0	-7.023	-0.377	-0.070
0	-7.018	-0.384	-0.074
0	-7.014	-0.392	-0.078
0	-7.010	-0.399	-0.081
0	-7.006	-0.406	-0.084
0	-7.002	-0.413	-0.086
0	-6.999	-0.421	-0.089
0	-6.995	-0.428	-0.091
0	-6.992	-0.435	-0.094
0	-6.988	-0.444	-0.098
0	-6.986	-0.450	-0.100
0	-6.984	-0.457	-0.102
0	-6.983	-0.464	-0.104
0	-6.981	-0.472	-0.107
0	-6.979	-0.481	-0.110
0	-6.978	-0.488	-0.114
0	-6.977	-0.496	-0.118
0	-6.976	-0.503	-0.122
0	-6.976	-0.511	-0.126
0	-6.976	-0.520	-0.131
0	-6.975	-0.528	-0.136
0	-6.975	-0.536	-0.140
0	-6.976	-0.544	-0.146
0	-6.977	-0.554	-0.152
0	-6.977	-0.562	-0.157
0	-6.978	-0.568	-0.161
0	-6.978	-0.575	-0.164
0	-6.979	-0.582	-0.168
0	-6.979	-0.592	-0.174
0	-6.980	-0.599	-0.178
0	-6.981	-0.607	-0.182
0	-6.982	-0.615	-0.186
0	-6.983	-0.624	-0.190
0	-6.984	-0.633	-0.194
0	-6.985	-0.642	-0.199
0	-6.985	-0.651	-0.205
0	-6.985	-0.658	-0.210
0	-6.986	-0.666	-0.215
0	-6.986	-0.676	-0.222
0	-6.987	-0.683	-0.226
0	-6.988	-0.691	-0.230
0	-6.989	-0.700	-0.235
0	-6.990	-0.709	-0.240
0	-6.990	-0.716	-0.244
0	-6.991	-0.723	-0.247
0	-6.991	-0.730	-0.250
0	-6.991	-0.738	-0.254
0	-6.990	-0.746	-0.257
0	-6.990	-0.752	-0.259
0	-6.990	-0.758	-0.260
0	-6.990	-0.765	-0.262
0	-6.990	-0.777	-0.265
0	-6.991	-0.788	-0.268
0	-6.991	-0.796	-0.270
0	-6.992	-0.804	-0.272
0	-6.993	-0.812	-0.274
0	-6.994	-0.821	-0.276
0	-6.996	-0.830	-0.278
0	-6.997	-0.839	-0.279
0	-6.999	-0.849	-0.279
0	-7.000	-0.857	-0.280
0	-7.001	-0.865	-0.280
0	-7.003	-0.872	-0.281
0	-7.005	-0.882	-0.282
0	-7.007	-0.890	-0.283
0	-7.010	-0.898	-0.284
0	-7.012	-0.906	-0.286
0	-7.014	-0.914	-0.287
0	-7.016	-0.920	-0.288
0	-7.018	-0.926	-0.290
0	-7.020	-0.934	-0.291
0	-7.021	-0.942	-0.293
0	-7.022	-0.951	-0.295
0	-7.022	-0.959	-0.297
0	-7.021	-0.968	-0.298
0	-7.021	-0.974	-0.300
0	-7.020	-0.980	-0.302
0	-7.018	-0.988	-0.303
0	-7.017	-0.995	-0.305
0	-7.015	-1.001	-0.307
0	-7.013	-1.007	-0.309
0	-7.010	-1.015	-0.312
0	-7.007	-1.023	-0.315
0	-7.003	-1.030	-0.318
0	-6.998	-1.038	-0.321
0	-6.993	-1.045	-0.325
0	-6.988	-1.052	-0.328
0	-6.983	-1.058	-0.331
0	-6.979	-1.064	-0.335
0	-6.974	-1.070	-0.339
0	-6.970	-1.076	-0.343
0	-6.966	-1.081	-0.347
0	-6.960	-1.088	-0.353
0	-6.955	-1.093	-0.358
0	-6.949	-1.098	-0.363
0	-6.944	-1.102	-0.367
0	-6.939	-1.106	-0.372
0	-6.932	-1.110	-0.377
0	-6.925	-1.115	-0.382
0	-6.917	-1.119	-0.387
0	-6.911	-1.122	-0.391
0	-6.904	-1.125	-0.395
0	-6.900	-1.127	-0.397
0	-6.896	-1.129	-0.400
0	-6.892	-1.130	-0.402
0	-6.886	-1.133	-0.405
0	-6.880	-1.135	-0.408
0	-6.874	-1.138	-0.412
0	-6.867	-1.141	-0.416
0	-6.858	-1.146	-0.421
0	-6.850	-1.150	-0.426
0	-6.842	-1.154	-0.431
0	-6.835	-1.159	-0.435
0	-6.830	-1.164	-0.439
0	-6.824	-1.169	-0.443
0	-6.820	-1.173	-0.447
0	-6.814	-1.178	-0.452
0	-6.808	-1.183	-0.456
0	-6.802	-1.188	-0.460
0	-6.795	-1.193	-0.465
0	-6.788	-1.197	-0.470
0	-6.780	-1.201	-0.475
0	-6.773	-1.205	-0.481
0	-6.765	-1.209	-0.486
0	-6.758	-1.212	-0.491
0	-6.750	-1.215	-0.497
0	-6.744	-1.218	-0.501
0	-6.738	-1.220	-0.505
0	-6.731	-1.224	-0.510
0	-6.724	-1.228	-0.515
0	-6.718	-1.232	-0.519
0	-6.711	-1.236	-0.522
0	-6.704	-1.241	-0.526
0	-6.697	-1.247	-0.530
0	-6.690	-1.255	-0.532
0	-6.684	-1.262	-0.535
0	-6.678	-1.270	-0.537
0	-6.673	-1.276	-0.538
0	-6.668	-1.284	-0.540
0	-6.662	-1.294	-0.542
0	-6.658	-1.302	-0.544
0	-6.653	-1.312	-0.546
0	-6.649	-1.320	-0.548
0	-6.646	-1.329	-0.549
0	-6.643	-1.337	-0.550
0	-6.641	-1.345	-0.551
0	-6.638	-1.353	-0.552
0	-6.635	-1.362	-0.553
0	-6.632	-1.371	-0.553
0	-6.629	-1.381	-0.554
0	-6.626	-1.388	-0.554
0	-6.624	-1.395	-0.554
0	-6.622	-1.403	-0.554
0	-6.620	-1.411	-0.555
0	-6.617	-1.420	-0.555
0	-6.614	-1.428	-0.555
0	-6.611	-1.437	-0.556
0	-6.607	-1.446	-0.556
0	-6.604	-1.456	-0.557
0	-6.601	-1.464	-0.558
0	-6.598	-1.472	-0.559
0	-6.595	-1.480	-0.561
0	-6.592	-1.489	-0.562
0	-6.590	-1.498	-0.564
0	-6.588	-1.505	-0.565
0	-6.586	-1.514	-0.566
0	-6.584	-1.521	-0.568
0	-6.582	-1.530	-0.569
0	-6.580	-1.536	-0.570
0	-6.579	-1.543	-0.571
0	-6.577	-1.550	-0.572
0	-6.575	-1.560	-0.574
0	-6.573	-1.571	-0.575
0	-6.572	-1.581	-0.577
0	-6.571	-1.589	-0.578
0	-6.570	-1.597	-0.580
0	-6.568	-1.607	-0.581
0	-6.566	-1.616	-0.583
0	-6.564	-1.625	-0.584
0	-6.562	-1.633	-0.584
0	-6.560	-1.641	-0.585
0	-6.557	-1.649	-0.586
0	-6.554	-1.656	-0.587
0	-6.551	-1.665	-0.588
0	-6.548	-1.674	-0.589
0	-6.546	-1.682	-0.590
0	-6.543	-1.691	-0.591
0	-6.540	-1.701	-0.592
0	-6.537	-1.709	-0.594
0	-6.535	-1.716	-0.595
0	-6.532	-1.724	-0.597
0	-6.529	-1.732	-0.599
0	-6.526	-1.740	-0.600
0	-6.523	-1.749	-0.602
0	-6.520	-1.758	-0.605
0	-6.517	-1.766	-0.607
0	-6.513	-1.778	-0.610
0	-6.510	-1.788	-0.613
0	-6.507	-1.801	-0.617
0	-6.506	-1.809	-0.619
0	-6.504	-1.816	-0.620
0	-6.503	-1.825	-0.623
0	-6.502	-1.835	-0.625
0	-6.501	-1.844	-0.627
0	-6.500	-1.856	-0.630
0	-6.500	-1.868	-0.633
0	-6.500	-1.876	-0.635
0	-6.499	-1.884	-0.637
0	-6.499	-1.893	-0.639
0	-6.500	-1.902	-0.642
0	-6.500	-1.911	-0.646
0	-6.500	-1.919	-0.649
0	-6.501	-1.928	-0.653
0	-6.501	-1.937	-0.657
0	-6.501	-1.944	-0.660
0	-6.501	-1.952	-0.663
0	-6.501	-1.961	-0.666
0	-6.501	-1.971	-0.670
0	-6.500	-1.981	-0.673
0	-6.499	-1.993	-0.677
0	-6.498	-2.006	-0.681
0	-6.495	-2.019	-0.684
0	-6.493	-2.028	-0.687
0	-6.490	-2.039	-0.691
0	-6.485	-2.050	-0.696
0	-6.481	-2.060	-0.700
0	-6.476	-2.068	-0.703
0	-6.471	-2.076	-0.707
0	-6.465	-2.084	-0.711
0	-6.460	-2.092	-0.715
0	-6.454	-2.099	-0.718
0	-6.448	-2.107	-0.722
0	-6.442	-2.115	-0.726
0	-6.435	-2.124	-0.731
0	-6.430	-2.133	-0.735
0	-6.425	-2.142	-0.740
0	-6.421	-2.148	-0.743
0	-6.418	-2.155	-0.746
0	-6.415	-2.161	-0.750
0	-6.411	-2.171	-0.756
0	-6.408	-2.180	-0.762
0	-6.406	-2.189	-0.768
0	-6.404	-2.197	-0.773
0	-6.402	-2.205	-0.778
0	-6.401	-2.212	-0.783
0	-6.400	-2.221	-0.788
0	-6.399	-2.228	-0.792
0	-6.399	-2.237	-0.797
0	-6.398	-2.245	-0.802
0	-6.397	-2.254	-0.806
0	-6.397	-2.263	-0.811
0	-6.397	-2.274	-0.816
0	-6.398	-2.286	-0.822
0	-6.398	-2.295	-0.826
0	-6.400	-2.305	-0.830
0	-6.401	-2.312	-0.833
0	-6.402	-2.320	-0.836
0	-6.404	-2.330	-0.839
0	-6.405	-2.336	-0.842
0	-6.407	-2.344	-0.844
0	-6.409	-2.352	-0.846
0	-6.410	-2.362	-0.849
0	-6.412	-2.371	-0.851
0	-6.413	-2.382	-0.853
0	-6.414	-2.393	-0.856
0	-6.414	-2.406	-0.859
0	-6.414	-2.416	-0.860
0	-6.414	-2.430	-0.863
0	-6.412	-2.441	-0.865
0	-6.410	-2.452	-0.868
0	-6.408	-2.462	-0.870
0	-6.406	-2.471	-0.873
0	-6.403	-2.481	-0.876
0	-6.401	-2.488	-0.878
0	-6.399	-2.497	-0.881
0	-6.398	-2.505	-0.883
0	-6.396	-2.513	-0.885
0	-6.394	-2.523	-0.888
0	-6.392	-2.533	-0.890
0	-6.390	-2.544	-0.893
0	-6.388	-2.553	-0.895
0	-6.386	-2.562	-0.897
0	-6.384	-2.572	-0.899
0	-6.382	-2.582	-0.901
0	-6.380	-2.591	-0.903
0	-6.377	-2.605	-0.906
0	-6.375	-2.617	-0.908
0	-6.372	-2.629	-0.911
0	-6.369	-2.641	-0.913
0	-6.367	-2.650	-0.914
0	-6.364	-2.661	-0.916
0	-6.361	-2.675	-0.919
0	-6.358	-2.690	-0.922
0	-6.356	-2.701	-0.924
0	-6.354	-2.711	-0.927
0	-6.353	-2.722	-0.929
0	-6.352	-2.734	-0.933
0	-6.350	-2.746	-0.936
0	-6.348	-2.758	-0.939
0	-6.347	-2.770	-0.942
0	-6.345	-2.782	-0.945
0	-6.343	-2.793	-0.948
0	-6.340	-2.805	-0.951
0	-6.337	-2.817	-0.954
0	-6.334	-2.829	-0.957
0	-6.329	-2.842	-0.960
0	-6.325	-2.853	-0.962
0	-6.321	-2.866	-0.964
0	-6.317	-2.878	-0.966
0	-6.313	-2.889	-0.968
0	-6.309	-2.901	-0.970
0	-6.305	-2.913	-0.972
0	-6.300	-2.925	-0.975
0	-6.296	-2.935	-0.977
0	-6.292	-2.946	-0.980
0	-6.287	-2.956	-0.984
0	-6.282	-2.967	-0.987
0	-6.277	-2.977	-0.991
0	-6.271	-2.987	-0.994
0	-6.266	-2.996	-0.998
0	-6.261	-3.006	-1.002
0	-6.256	-3.016	-1.006
0	-6.252	-3.025	-1.009
0	-6.247	-3.034	-1.013
0	-6.241	-3.045	-1.017
0	-6.236	-3.055	-1.020
0	-6.231	-3.064	-1.022
0	-6.226	-3.075	-1.025
0	-6.222	-3.084	-1.027
0	-6.217	-3.094	-1.029
0	-6.213	-3.104	-1.031
0	-6.209	-3.113	-1.032
0	-6.205	-3.123	-1.034
0	-6.201	-3.132	-1.036
0	-6.197	-3.144	-1.039
0	-6.194	-3.153	-1.041
0	-6.190	-3.163	-1.043
0	-6.187	-3.173	-1.046
0	-6.185	-3.183	-1.048
0	-6.182	-3.192	-1.050
0	-6.179	-3.204	-1.054
0	-6.177	-3.213	-1.056
0	-6.175	-3.222	-1.059
0	-6.172	-3.232	-1.063
0	-6.170	-3.244	-1.067
0	-6.167	-3.257	-1.072
0	-6.165	-3.265	-1.074
0	-6.163	-3.273	-1.077
0	-6.160	-3.283	-1.080
0	-6.158	-3.293	-1.083
0	-6.155	-3.304	-1.086
0	-6.152	-3.313	-1.089
0	-6.150	-3.322	-1.091
0	-6.148	-3.331	-1.094
0	-6.145	-3.342	-1.097
0	-6.142	-3.354	-1.100
0	-6.139	-3.367	-1.104
0	-6.137	-3.377	-1.107
0	-6.135	-3.388	-1.110
0	-6.133	-3.400	-1.113
0	-6.130	-3.413	-1.117
0	-6.128	-3.422	-1.120
0	-6.126	-3.432	-1.123
0	-6.123	-3.446	-1.126
0	-6.121	-3.460	-1.130
0	-6.119	-3.474	-1.133
0	-6.117	-3.485	-1.136
0	-6.115	-3.498	-1.138
0	-6.114	-3.510	-1.141
0	-6.112	-3.522	-1.143
0	-6.111	-3.533	-1.145
0	-6.110	-3.545	-1.148
0	-6.108	-3.559	-1.151
0	-6.107	-3.573	-1.154
0	-6.105	-3.585	-1.157
0	-6.103	-3.599	-1.160
0	-6.100	-3.612	-1.163
0	-6.096	-3.629	-1.167
0	-6.093	-3.641	-1.170
0	-6.089	-3.654	-1.174
0	-6.085	-3.667	-1.177
0	-6.081	-3.682	-1.181
0	-6.078	-3.693	-1.184
0	-6.075	-3.707	-1.188
0	-6.071	-3.722	-1.192
0	-6.068	-3.735	-1.194
0	-6.065	-3.745	-1.197
0	-6.061	-3.757	-1.198
0	-6.057	-3.770	-1.200
0	-6.054	-3.781	-1.202
0	-6.052	-3.790	-1.203
0	-6.050	-3.799	-1.205
0	-6.047	-3.809	-1.206
0	-6.046	-3.818	-1.208
0	-6.044	-3.827	-1.210
0	-6.042	-3.838	-1.213
0	-6.040	-3.850	-1.215
0	-6.038	-3.861	-1.217
0	-6.036	-3.874	-1.220
0	-6.033	-3.887	-1.223
0	-6.031	-3.899	-1.226
0	-6.028	-3.910	-1.229
0	-6.026	-3.920	-1.231
0	-6.025	-3.933	-1.235
0	-6.023	-3.947	-1.239
0	-6.022	-3.959	-1.243
0	-6.021	-3.970	-1.247
0	-6.020	-3.981	-1.252
0	-6.019	-3.993	-1.257
0	-6.019	-4.006	-1.263
0	-6.018	-4.017	-1.268
0	-6.018	-4.029	-1.274
0	-6.017	-4.042	-1.280
0	-6.016	-4.057	-1.287
0	-6.015	-4.069	-1.292
0	-6.013	-4.081	-1.296
0	-6.011	-4.093	-1.300
0	-6.008	-4.107	-1.305
0	-6.006	-4.118	-1.308
0	-6.003	-4.130	-1.312
0	-6.001	-4.141	-1.315
0	-5.998	-4.153	-1.318
0	-5.995	-4.167	-1.322
0	-5.993	-4.177	-1.325
0	-5.991	-4.186	-1.327
0	-5.989	-4.197	-1.330
0	-5.986	-4.209	-1.334
0	-5.983	-4.222	-1.338
0	-5.981	-4.233	-1.341
0	-5.978	-4.244	-1.344
0	-5.974	-4.257	-1.347
0	-5.970	-4.269	-1.350
0	-5.965	-4.282	-1.353
0	-5.960	-4.294	-1.356
0	-5.955	-4.306	-1.359
0	-5.950	-4.317	-1.361
0	-5.944	-4.329	-1.364
0	-5.937	-4.341	-1.366
0	-5.931	-4.355	-1.368
0	-5.925	-4.368	-1.370
0	-5.919	-4.380	-1.372
0	-5.914	-4.393	-1.374
0	-5.911	-4.400	-1.376
0	-5.907	-4.409	-1.377
0	-5.902	-4.421	-1.379
0	-5.898	-4.430	-1.380
0	-5.894	-4.440	-1.382
0	-5.887	-4.455	-1.384
0	-5.881	-4.470	-1.385
0	-5.876	-4.481	-1.387
0	-5.870	-4.492	-1.389
0	-5.863	-4.507	-1.390
0	-5.856	-4.521	-1.391
0	-5.848	-4.536	-1.392
0	-5.840	-4.551	-1.392
0	-5.831	-4.566	-1.392
0	-5.823	-4.579	-1.392
0	-5.817	-4.589	-1.391
0	-5.811	-4.599	-1.391
0	-5.805	-4.610	-1.391
0	-5.800	-4.618	-1.390
0	-5.795	-4.628	-1.390
0	-5.789	-4.637	-1.389
0	-5.783	-4.648	-1.389
0	-5.776	-4.659	-1.389
0	-5.769	-4.668	-1.389
0	-5.761	-4.679	-1.389
0	-5.755	-4.689	-1.390
0	-5.748	-4.698	-1.391
0	-5.741	-4.707	-1.391
0	-5.733	-4.717	-1.392
0	-5.723	-4.730	-1.394
0	-5.715	-4.739	-1.395
0	-5.707	-4.747	-1.397
0	-5.701	-4.753	-1.398
0	-5.696	-4.759	-1.400
0	-5.688	-4.766	-1.402
0	-5.680	-4.773	-1.404
0	-5.669	-4.783	-1.408
0	-5.659	-4.790	-1.411
0	-5.649	-4.798	-1.414
0	-5.637	-4.806	-1.418
0	-5.628	-4.813	-1.421
0	-5.616	-4.820	-1.425
0	-5.606	-4.826	-1.429
0	-5.601	-4.830	-1.431
0	-5.592	-4.835	-1.435
0	-5.583	-4.841	-1.439
0	-5.574	-4.846	-1.442
0	-5.564	-4.853	-1.446
0	-5.553	-4.859	-1.450
0	-5.542	-4.865	-1.454
0	-5.531	-4.872	-1.458
0	-5.518	-4.878	-1.462
0	-5.504	-4.885	-1.466
0	-5.500	-4.887	-1.467
0	-5.493	-4.890	-1.468
0	-5.486	-4.893	-1.470
0	-5.475	-4.898	-1.473
0	-5.459	-4.903	-1.477
0	-5.447	-4.907	-1.480
0	-5.435	-4.910	-1.484
0	-5.422	-4.914	-1.487
0	-5.410	-4.917	-1.490
0	-5.398	-4.919	-1.494
0	-5.385	-4.922	-1.498
0	-5.370	-4.925	-1.502
0	-5.356	-4.928	-1.506
0	-5.342	-4.930	-1.511
0	-5.325	-4.932	-1.517
0	-5.310	-4.934	-1.523
0	-5.294	-4.936	-1.529
0	-5.281	-4.937	-1.536
0	-5.267	-4.938	-1.543
0	-5.254	-4.939	-1.550
0	-5.242	-4.940	-1.556
0	-5.230	-4.941	-1.563
0	-5.219	-4.941	-1.569
0	-5.206	-4.942	-1.576
0	-5.201	-4.942	-1.580
0	-5.191	-4.942	-1.586
0	-5.181	-4.942	-1.591
0	-5.171	-4.942	-1.597
0	-5.159	-4.942	-1.604
0	-5.146	-4.943	-1.611
0	-5.134	-4.943	-1.618
0	-5.123	-4.944	-1.624
0	-5.111	-4.944	-1.631
0	-5.102	-4.945	-1.636
0	-5.094	-4.945	-1.640
0	-5.085	-4.946	-1.645
0	-5.075	-4.946	-1.651
0	-5.065	-4.947	-1.658
0	-5.055	-4.947	-1.664
0	-5.045	-4.947	-1.670
0	-5.034	-4.947	-1.677
0	-5.022	-4.947	-1.685
0	-5.009	-4.947	-1.695
0	-4.999	-4.947	-1.702
0	-4.990	-4.947	-1.709
0	-4.979	-4.947	-1.717
0	-4.969	-4.947	-1.725
0	-4.958	-4.947	-1.733
0	-4.946	-4.948	-1.743
0	-4.935	-4.948	-1.753
0	-4.923	-4.947	-1.764
0	-4.909	-4.946	-1.779
0	-4.900	-4.946	-1.789
0	-4.893	-4.946	-1.797
0	-4.886	-4.946	-1.806
0	-4.878	-4.946	-1.816
0	-4.870	-4.946	-1.828
0	-4.861	-4.946	-1.840
0	-4.853	-4.946	-1.852
0	-4.845	-4.946	-1.865
0	-4.837	-4.945	-1.879
0	-4.831	-4.945	-1.888
0	-4.825	-4.944	-1.899
0	-4.819	-4.944	-1.912
0	-4.813	-4.943	-1.925
0	-4.806	-4.943	-1.939
0	-4.800	-4.943	-1.953
0	-4.794	-4.943	-1.967
0	-4.788	-4.942	-1.980
0	-4.782	-4.942	-1.994
0	-4.779	-4.941	-1.999
0	-4.776	-4.941	-2.007
0	-4.773	-4.940	-2.014
0	-4.768	-4.940	-2.025
0	-4.763	-4.939	-2.037
0	-4.758	-4.937	-2.052
0	-4.754	-4.936	-2.064
0	-4.750	-4.936	-2.075
0	-4.746	-4.935	-2.089
0	-4.743	-4.935	-2.102
0	-4.739	-4.935	-2.117
0	-4.737	-4.935	-2.129
0	-4.734	-4.935	-2.144
0	-4.732	-4.936	-2.159
0	-4.731	-4.937	-2.173
0	-4.729	-4.939	-2.186
0	-4.728	-4.940	-2.201
0	-4.727	-4.941	-2.217
0	-4.727	-4.942	-2.234
0	-4.728	-4.942	-2.246
0	-4.728	-4.942	-2.257
0	-4.729	-4.943	-2.271
0	-4.730	-4.944	-2.286
0	-4.732	-4.944	-2.302
0	-4.735	-4.945	-2.319
0	-4.737	-4.946	-2.332
0	-4.740	-4.946	-2.346
0	-4.742	-4.946	-2.357
0	-4.744	-4.946	-2.369
0	-4.747	-4.946	-2.382
0	-4.750	-4.946	-2.397
0	-4.752	-4.947	-2.409
0	-4.755	-4.947	-2.421
0	-4.758	-4.947	-2.434
0	-4.761	-4.947	-2.450
0	-4.763	-4.947	-2.462
0	-4.765	-4.947	-2.475
0	-4.768	-4.946	-2.489
0	-4.770	-4.946	-2.500
0	-4.772	-4.945	-2.509
0	-4.773	-4.944	-2.518
0	-4.776	-4.943	-2.530
0	-4.778	-4.942	-2.543
0	-4.781	-4.941	-2.558
0	-4.785	-4.941	-2.574
0	-4.788	-4.941	-2.586
0	-4.791	-4.941	-2.598
0	-4.795	-4.941	-2.613
0	-4.798	-4.941	-2.628
0	-4.800	-4.941	-2.634
0	-4.804	-4.941	-2.650
0	-4.808	-4.941	-2.665
0	-4.813	-4.941	-2.679
0	-4.819	-4.941	-2.695
0	-4.823	-4.941	-2.706
0	-4.828	-4.941	-2.717
0	-4.835	-4.940	-2.735
0	-4.841	-4.940	-2.749
0	-4.848	-4.939	-2.764
0	-4.855	-4.939	-2.779
0	-4.863	-4.939	-2.795
0	-4.870	-4.939	-2.808
0	-4.877	-4.939	-2.821
0	-4.884	-4.939	-2.834
0	-4.892	-4.939	-2.849
0	-4.899	-4.939	-2.859
0	-4.906	-4.939	-2.871
0	-4.914	-4.940	-2.884
0	-4.922	-4.940	-2.896
0	-4.930	-4.940	-2.909
0	-4.937	-4.939	-2.921
0	-4.946	-4.939	-2.937
0	-4.955	-4.939	-2.951
0	-4.963	-4.938	-2.964
0	-4.971	-4.938	-2.978
0	-4.979	-4.938	-2.990
0	-4.984	-4.938	-2.999
0	-4.990	-4.938	-3.009
0	-4.996	-4.937	-3.019
0	-5.004	-4.937	-3.032
0	-5.012	-4.937	-3.043
0	-5.020	-4.937	-3.055
0	-5.028	-4.938	-3.065
0	-5.036	-4.939	-3.076
0	-5.045	-4.940	-3.087
0	-5.055	-4.941	-3.097
0	-5.057	-4.941	-3.100
0	-5.062	-4.942	-3.106
0	-5.068	-4.943	-3.113
0	-5.075	-4.944	-3.121
0	-5.084	-4.946	-3.132
0	-5.098	-4.948	-3.150
0	-5.109	-4.950	-3.164
0	-5.120	-4.952	-3.179
0	-5.131	-4.955	-3.194
0	-5.139	-4.957	-3.205
0	-5.146	-4.958	-3.215
0	-5.154	-4.960	-3.226
0	-5.163	-4.962	-3.238
0	-5.171	-4.964	-3.250
0	-5.180	-4.966	-3.262
0	-5.190	-4.968	-3.275
0	-5.198	-4.969	-3.286
0	-5.207	-4.971	-3.298
0	-5.216	-4.972	-3.309
0	-5.227	-4.974	-3.323
0	-5.238	-4.976	-3.336
0	-5.249	-4.977	-3.349
0	-5.260	-4.979	-3.362
0	-5.270	-4.981	-3.375
0	-5.279	-4.983	-3.387
0	-5.288	-4.985	-3.400
0	-5.297	-4.987	-3.411
0	-5.305	-4.989	-3.422
0	-5.315	-4.991	-3.434
0	-5.324	-4.993	-3.445
0	-5.337	-4.996	-3.459
0	-5.350	-4.999	-3.473
0	-5.361	-5.003	-3.485
0	-5.373	-5.006	-3.497
0	-5.384	-5.009	-3.511
0	-5.395	-5.012	-3.524
0	-5.405	-5.015	-3.537
0	-5.413	-5.017	-3.549
0	-5.421	-5.020	-3.560
0	-5.433	-5.024	-3.579
0	-5.445	-5.028	-3.596
0	-5.455	-5.031	-3.613
0	-5.463	-5.033	-3.624
0	-5.471	-5.036	-3.637
0	-5.480	-5.038	-3.653
0	-5.489	-5.041	-3.666
0	-5.497	-5.043	-3.681
0	-5.500	-5.044	-3.686
0	-5.505	-5.046	-3.695
0	-5.508	-5.047	-3.700
0	-5.513	-5.049	-3.709
0	-5.519	-5.051	-3.718
0	-5.528	-5.055	-3.733
0	-5.537	-5.059	-3.750
0	-5.546	-5.062	-3.765
0	-5.555	-5.066	-3.780
0	-5.563	-5.069	-3.795
0	-5.566	-5.069	-3.800
0	-5.570	-5.071	-3.808
0	-5.575	-5.073	-3.817
0	-5.583	-5.075	-3.830
0	-5.593	-5.079	-3.848
0	-5.600	-5.081	-3.858
0	-5.607	-5.083	-3.869
0	-5.614	-5.085	-3.879
0	-5.624	-5.088	-3.895
0	-5.627	-5.089	-3.900
0	-5.633	-5.091	-3.908
0	-5.638	-5.093	-3.917
0	-5.646	-5.095	-3.928
0	-5.654	-5.098	-3.940
0	-5.661	-5.100	-3.950
0	-5.669	-5.102	-3.962
0	-5.677	-5.105	-3.973
0	-5.686	-5.108	-3.987
0	-5.693	-5.110	-3.997
0	-5.700	-5.113	-4.009
0	-5.709	-5.116	-4.020
0	-5.718	-5.119	-4.034
0	-5.729	-5.123	-4.047
0	-5.738	-5.127	-4.059
0	-5.748	-5.131	-4.070
0	-5.757	-5.134	-4.082
0	-5.768	-5.138	-4.094
0	-5.779	-5.142	-4.106
0	-5.790	-5.146	-4.119
0	-5.801	-5.150	-4.131
0	-5.813	-5.154	-4.143
0	-5.824	-5.158	-4.154
0	-5.835	-5.162	-4.166
0	-5.847	-5.167	-4.178
0	-5.860	-5.172	-4.190
0	-5.869	-5.177	-4.200
0	-5.881	-5.182	-4.211
0	-5.892	-5.187	-4.222
0	-5.899	-5.190	-4.229
0	-5.911	-5.195	-4.240
0	-5.925	-5.201	-4.253
0	-5.939	-5.206	-4.265
0	-5.950	-5.211	-4.274
0	-5.962	-5.216	-4.284
0	-5.978	-5.223	-4.296
0	-5.995	-5.230	-4.309
0	-6.000	-5.232	-4.312
0	-6.009	-5.235	-4.319
0	-6.018	-5.239	-4.325
0	-6.029	-5.244	-4.333
0	-6.043	-5.249	-4.343
0	-6.057	-5.255	-4.354
0	-6.070	-5.260	-4.363
0	-6.082	-5.265	-4.372
0	-6.093	-5.270	-4.380
0	-6.099	-5.272	-4.384
0	-6.110	-5.276	-4.392
0	-6.120	-5.280	-4.400
0	-6.133	-5.286	-4.409
0	-6.146	-5.291	-4.417
0	-6.158	-5.297	-4.425
0	-6.170	-5.303	-4.433
0	-6.184	-5.310	-4.441
0	-6.200	-5.317	-4.450
0	-6.212	-5.323	-4.458
0	-6.225	-5.329	-4.465
0	-6.240	-5.335	-4.474
0	-6.255	-5.342	-4.483
0	-6.273	-5.350	-4.493
0	-6.282	-5.354	-4.499
0	-6.294	-5.359	-4.506
0	-6.306	-5.365	-4.513
0	-6.320	-5.372	-4.521
0	-6.335	-5.379	-4.529
0	-6.351	-5.387	-4.537
0	-6.366	-5.394	-4.544
0	-6.382	-5.402	-4.551
0	-6.400	-5.412	-4.558
0	-6.414	-5.419	-4.564
0	-6.428	-5.427	-4.570
0	-6.444	-5.435	-4.577
0	-6.459	-5.443	-4.583
0	-6.475	-5.452	-4.590
0	-6.493	-5.462	-4.598
0	-6.499	-5.466	-4.601
0	-6.510	-5.472	-4.605
0	-6.524	-5.480	-4.611
0	-6.537	-5.488	-4.616
0	-6.553	-5.497	-4.621
0	-6.574	-5.510	-4.628
0	-6.592	-5.521	-4.633
0	-6.599	-5.525	-4.635
0	-6.611	-5.533	-4.638
0	-6.623	-5.541	-4.641
0	-6.637	-5.550	-4.644
0	-6.652	-5.559	-4.648
0	-6.666	-5.568	-4.651
0	-6.685	-5.581	-4.656
0	-6.703	-5.593	-4.661
0	-6.721	-5.605	-4.666
0	-6.739	-5.618	-4.672
0	-6.757	-5.631	-4.677
0	-6.777	-5.644	-4.683
0	-6.793	-5.656	-4.689
0	-6.810	-5.669	-4.695
0	-6.828	-5.682	-4.701
0	-6.846	-5.695	-4.706
0	-6.861	-5.706	-4.711
0	-6.877	-5.717	-4.717
0	-6.894	-5.730	-4.722
0	-6.911	-5.742	-4.728
0	-6.929	-5.754	-4.734
0	-6.951	-5.769	-4.741
0	-6.974	-5.784	-4.749
0	-6.991	-5.796	-4.755
0	-7.009	-5.807	-4.762
0	-7.029	-5.820	-4.769
0	-7.046	-5.830	-4.776
0	-7.063	-5.841	-4.782
0	-7.081	-5.853	-4.789
0	-7.097	-5.864	-4.795
0	-7.109	-5.872	-4.800
0	-7.121	-5.880	-4.804
0	-7.136	-5.891	-4.809
0	-7.153	-5.903	-4.814
0	-7.169	-5.914	-4.818
0	-7.184	-5.925	-4.822
0	-7.198	-5.936	-4.825
0	-7.214	-5.948	-4.829
0	-7.230	-5.959	-4.832
0	-7.245	-5.970	-4.835
0	-7.259	-5.981	-4.838
0	-7.275	-5.993	-4.842
0	-7.292	-6.006	-4.845
0	-7.299	-6.011	-4.847
0	-7.311	-6.020	-4.849
0	-7.321	-6.028	-4.851
0	-7.335	-6.039	-4.854
0	-7.349	-6.050	-4.856
0	-7.364	-6.063	-4.858
0	-7.378	-6.075	-4.859
0	-7.393	-6.088	-4.861
0	-7.409	-6.102	-4.862
0	-7.422	-6.114	-4.863
0	-7.435	-6.126	-4.864
0	-7.453	-6.142	-4.864
0	-7.470	-6.158	-4.864
0	-7.487	-6.175	-4.863
0	-7.498	-6.186	-4.863
0	-7.508	-6.197	-4.862
0	-7.519	-6.208	-4.861
0	-7.535	-6.225	-4.859
0	-7.552	-6.242	-4.857
0	-7.566	-6.257	-4.856
0	-7.580	-6.272	-4.854
0	-7.594	-6.287	-4.853
0	-7.599	-6.292	-4.852
0	-7.605	-6.298	-4.852
0	-7.612	-6.306	-4.851
0	-7.620	-6.314	-4.850
0	-7.632	-6.327	-4.849
0	-7.652	-6.347	-4.847
0	-7.675	-6.373	-4.845
0	-7.705	-6.405	-4.842
0	-7.722	-6.423	-4.840
0	-7.739	-6.441	-4.838
0	-7.756	-6.459	-4.836
0	-7.774	-6.479	-4.834
0	-7.789	-6.495	-4.833
0	-7.794	-6.499	-4.832
0	-7.799	-6.505	-4.832
0	-7.805	-6.512	-4.831
0	-7.812	-6.519	-4.830
0	-7.823	-6.531	-4.829
0	-7.836	-6.544	-4.828
0	-7.851	-6.559	-4.826
0	-7.864	-6.573	-4.825
0	-7.877	-6.586	-4.824
0	-7.889	-6.597	-4.823
0	-7.901	-6.609	-4.821
0	-7.912	-6.621	-4.820
0	-7.928	-6.637	-4.818
0	-7.946	-6.656	-4.814
0	-7.963	-6.675	-4.810
0	-7.980	-6.695	-4.805
0	-7.985	-6.700	-4.803
0	-7.995	-6.712	-4.800
0	-8.005	-6.724	-4.797
0	-8.018	-6.739	-4.793
0	-8.034	-6.758	-4.788
0	-8.049	-6.776	-4.784
0	-8.064	-6.793	-4.780
0	-8.069	-6.799	-4.779
0	-8.080	-6.812	-4.776
0	-8.091	-6.825	-4.773
0	-8.100	-6.837	-4.770
0	-8.112	-6.853	-4.766
0	-8.125	-6.869	-4.762
0	-8.137	-6.885	-4.757
0	-8.150	-6.902	-4.753
0	-8.162	-6.918	-4.748
0	-8.178	-6.939	-4.742
0	-8.195	-6.961	-4.736
0	-8.200	-6.968	-4.734
0	-8.210	-6.981	-4.730
0	-8.220	-6.996	-4.726
0	-8.223	-7.000	-4.724
0	-8.228	-7.008	-4.722
0	-8.235	-7.017	-4.719
0	-8.243	-7.029	-4.715
0	-8.254	-7.045	-4.710
0	-8.265	-7.061	-4.705
0	-8.274	-7.074	-4.701
0	-8.284	-7.089	-4.696
0	-8.294	-7.105	-4.690
0	-8.299	-7.112	-4.687
0	-8.307	-7.125	-4.683
0	-8.316	-7.138	-4.678
0	-8.327	-7.156	-4.671
0	-8.339	-7.173	-4.665
0	-8.353	-7.194	-4.657
0	-8.356	-7.200	-4.655
0	-8.365	-7.213	-4.650
0	-8.373	-7.227	-4.644
0	-8.382	-7.241	-4.638
0	-8.392	-7.258	-4.631
0	-8.400	-7.273	-4.624
0	-8.409	-7.290	-4.617
0	-8.418	-7.307	-4.609
0	-8.425	-7.320	-4.603
0	-8.428	-7.326	-4.600
0	-8.435	-7.338	-4.594
0	-8.441	-7.350	-4.588
0	-8.448	-7.364	-4.581
0	-8.461	-7.391	-4.566
0	-8.470	-7.410	-4.555
0	-8.479	-7.429	-4.544
0	-8.488	-7.448	-4.532
0	-8.496	-7.469	-4.519
0	-8.500	-7.479	-4.512
0	-8.504	-7.490	-4.505
0	-8.508	-7.499	-4.499
0	-8.513	-7.512	-4.490
0	-8.518	-7.524	-4.482
0	-8.523	-7.539	-4.472
0	-8.531	-7.562	-4.455
0	-8.538	-7.581	-4.441
0	-8.543	-7.601	-4.426
0	-8.549	-7.623	-4.409
0	-8.552	-7.634	-4.400
0	-8.555	-7.646	-4.391
0	-8.557	-7.658	-4.381
0	-8.561	-7.677	-4.366
0	-8.566	-7.697	-4.350
0	-8.570	-7.718	-4.333
0	-8.574	-7.737	-4.319
0	-8.577	-7.755	-4.304
0	-8.579	-7.761	-4.300
0	-8.580	-7.770	-4.293
0	-8.582	-7.780	-4.285
0	-8.585	-7.793	-4.275
0	-8.586	-7.800	-4.269
0	-8.588	-7.812	-4.259
0	-8.590	-7.825	-4.249
0	-8.592	-7.838	-4.238
0	-8.596	-7.857	-4.222
0	-8.601	-7.879	-4.204
0	-8.605	-7.896	-4.190
0	-8.606	-7.900	-4.186
0	-8.607	-7.908	-4.179
0	-8.609	-7.917	-4.171
0	-8.612	-7.930	-4.160
0	-8.617	-7.947	-4.146
0	-8.622	-7.970	-4.127
0	-8.626	-7.986	-4.113
0	-8.630	-7.999	-4.102
0	-8.634	-8.015	-4.089
0	-8.637	-8.030	-4.076
0	-8.641	-8.047	-4.061
0	-8.644	-8.064	-4.046
0	-8.646	-8.080	-4.031
0	-8.648	-8.096	-4.016
0	-8.649	-8.100	-4.013
0	-8.649	-8.108	-4.005
0	-8.650	-8.117	-3.996
0	-8.652	-8.131	-3.984
0	-8.654	-8.146	-3.970
0	-8.656	-8.161	-3.956
0	-8.658	-8.178	-3.940
0	-8.661	-8.198	-3.922
0	-8.664	-8.220	-3.902
0	-8.666	-8.237	-3.887
0	-8.668	-8.256	-3.869
0	-8.669	-8.276	-3.850
0	-8.671	-8.296	-3.830
0	-8.672	-8.313	-3.813
0	-8.672	-8.329	-3.796
0	-8.673	-8.342	-3.781
0	-8.672	-8.356	-3.766
0	-8.672	-8.372	-3.748
0	-8.670	-8.388	-3.729
0	-8.668	-8.402	-3.713
0	-8.666	-8.415	-3.697
0	-8.663	-8.427	-3.682
0	-8.660	-8.440	-3.666
0	-8.656	-8.453	-3.650
0	-8.652	-8.465	-3.635
0	-8.648	-8.478	-3.619
0	-8.644	-8.490	-3.603
0	-8.641	-8.499	-3.590
0	-8.637	-8.510	-3.577
0	-8.633	-8.520	-3.563
0	-8.629	-8.531	-3.549
0	-8.625	-8.542	-3.535
0	-8.621	-8.553	-3.522
0	-8.617	-8.563	-3.510
0	-8.614	-8.574	-3.496
0	-8.610	-8.586	-3.482
0	-8.607	-8.596	-3.470
0	-8.603	-8.609	-3.455
0	-8.600	-8.618	-3.444
0	-8.597	-8.628	-3.432
0	-8.594	-8.637	-3.421
0	-8.590	-8.648	-3.408
0	-8.588	-8.654	-3.400
0	-8.584	-8.664	-3.388
0	-8.579	-8.675	-3.374
0	-8.574	-8.687	-3.358
0	-8.568	-8.700	-3.342
0	-8.565	-8.708	-3.331
0	-8.561	-8.716	-3.319
0	-8.556	-8.725	-3.307
0	-8.554	-8.730	-3.301
0	-8.550	-8.736	-3.292
0	-8.547	-8.743	-3.283
0	-8.541	-8.754	-3.269
0	-8.535	-8.766	-3.254
0	-8.529	-8.778	-3.239
0	-8.523	-8.790	-3.223
0	-8.519	-8.799	-3.211
0	-8.514	-8.808	-3.199
0	-8.508	-8.818	-3.185
0	-8.502	-8.829	-3.171
0	-8.495	-8.841	-3.155
0	-8.489	-8.850	-3.143
0	-8.484	-8.859	-3.131
0	-8.478	-8.868	-3.118
0	-8.472	-8.877	-3.106
0	-8.466	-8.885	-3.094
0	-8.460	-8.895	-3.081
0	-8.457	-8.899	-3.075
0	-8.451	-8.906	-3.065
0	-8.446	-8.914	-3.055
0	-8.440	-8.922	-3.043
0	-8.433	-8.930	-3.031
0	-8.426	-8.939	-3.018
0	-8.417	-8.948	-3.005
0	-8.415	-8.950	-3.000
0	-8.409	-8.956	-2.991
0	-8.403	-8.963	-2.981
0	-8.400	-8.966	-2.976
0	-8.395	-8.971	-2.969
0	-8.390	-8.976	-2.960
0	-8.383	-8.983	-2.948
0	-8.373	-8.991	-2.935
0	-8.363	-8.998	-2.921
0	-8.355	-9.004	-2.911
0	-8.347	-9.009	-2.901
0	-8.338	-9.014	-2.890
0	-8.327	-9.021	-2.877
0	-8.317	-9.026	-2.867
0	-8.305	-9.032	-2.856
0	-8.300	-9.034	-2.850
0	-8.291	-9.039	-2.842
0	-8.282	-9.043	-2.834
0	-8.271	-9.048	-2.823
0	-8.260	-9.053	-2.812
0	-8.247	-9.059	-2.800
0	-8.236	-9.064	-2.788
0	-8.224	-9.070	-2.777
0	-8.212	-9.075	-2.765
0	-8.202	-9.080	-2.755
0	-8.191	-9.085	-2.744
0	-8.178	-9.090	-2.732
0	-8.167	-9.095	-2.722
0	-8.157	-9.099	-2.712
0	-8.147	-9.103	-2.703
0	-8.136	-9.108	-2.692
0	-8.121	-9.114	-2.678
0	-8.107	-9.120	-2.666
0	-8.096	-9.124	-2.656
0	-8.085	-9.127	-2.647
0	-8.074	-9.131	-2.637
0	-8.062	-9.134	-2.628
0	-8.050	-9.137	-2.619
0	-8.035	-9.141	-2.609
0	-8.020	-9.144	-2.599
0	-8.005	-9.147	-2.590
0	-8.000	-9.148	-2.587
0	-7.991	-9.149	-2.581
0	-7.981	-9.151	-2.575
0	-7.969	-9.153	-2.567
0	-7.957	-9.155	-2.560
0	-7.946	-9.157	-2.553
0	-7.934	-9.159	-2.545
0	-7.919	-9.162	-2.536
0	-7.904	-9.164	-2.527
0	-7.889	-9.167	-2.517
0	-7.874	-9.169	-2.508
0	-7.859	-9.171	-2.500
0	-7.846	-9.172	-2.493
0	-7.833	-9.174	-2.486
0	-7.819	-9.175	-2.479
0	-7.805	-9.176	-2.472
0	-7.791	-9.176	-2.464
0	-7.775	-9.177	-2.457
0	-7.759	-9.178	-2.448
0	-7.744	-9.178	-2.441
0	-7.731	-9.178	-2.434
0	-7.717	-9.178	-2.427
0	-7.705	-9.178	-2.420
0	-7.692	-9.178	-2.413
0	-7.681	-9.178	-2.407
0	-7.668	-9.178	-2.399
0	-7.655	-9.178	-2.392
0	-7.640	-9.178	-2.382
0	-7.626	-9.177	-2.373
0	-7.612	-9.177	-2.365
0	-7.597	-9.177	-2.355
0	-7.582	-9.178	-2.346
0	-7.565	-9.179	-2.336
0	-7.551	-9.179	-2.328
0	-7.536	-9.180	-2.320
0	-7.522	-9.181	-2.312
0	-7.510	-9.182	-2.305
0	-7.502	-9.182	-2.301
0	-7.490	-9.183	-2.294
0	-7.477	-9.183	-2.287
0	-7.464	-9.183	-2.280
0	-7.448	-9.183	-2.272
0	-7.434	-9.183	-2.266
0	-7.419	-9.183	-2.259
0	-7.405	-9.183	-2.252
0	-7.400	-9.182	-2.250
0	-7.392	-9.182	-2.247
0	-7.384	-9.182	-2.243
0	-7.371	-9.182	-2.236
0	-7.359	-9.182	-2.230
0	-7.345	-9.182	-2.223
0	-7.331	-9.182	-2.216
0	-7.317	-9.183	-2.209
0	-7.301	-9.183	-2.201
0	-7.286	-9.184	-2.194
0	-7.270	-9.184	-2.186
0	-7.254	-9.184	-2.179
0	-7.239	-9.184	-2.172
0	-7.222	-9.184	-2.165
0	-7.205	-9.184	-2.158
0	-7.200	-9.184	-2.157
0	-7.193	-9.184	-2.154
0	-7.185	-9.183	-2.150
0	-7.171	-9.183	-2.145
0	-7.157	-9.182	-2.139
0	-7.144	-9.181	-2.134
0	-7.130	-9.179	-2.127
0	-7.113	-9.178	-2.120
0	-7.102	-9.176	-2.115
0	-7.088	-9.175	-2.109
0	-7.072	-9.173	-2.104
0	-7.054	-9.171	-2.098
0	-7.039	-9.169	-2.092
0	-7.025	-9.167	-2.088
0	-7.011	-9.165	-2.083
0	-6.996	-9.164	-2.079
0	-6.980	-9.163	-2.074
0	-6.966	-9.162	-2.070
0	-6.949	-9.161	-2.066
0	-6.930	-9.161	-2.062
0	-6.911	-9.160	-2.058
0	-6.890	-9.160	-2.054
0	-6.875	-9.159	-2.051
0	-6.858	-9.159	-2.049
0	-6.843	-9.158	-2.046
0	-6.826	-9.156	-2.043
0	-6.807	-9.155	-2.038
0	-6.801	-9.154	-2.036
0	-6.790	-9.153	-2.034
0	-6.780	-9.152	-2.032
0	-6.768	-9.150	-2.029
0	-6.757	-9.149	-2.026
0	-6.744	-9.147	-2.024
0	-6.731	-9.145	-2.021
0	-6.715	-9.143	-2.018
0	-6.704	-9.142	-2.017
0	-6.691	-9.140	-2.015
0	-6.678	-9.138	-2.014
0	-6.664	-9.136	-2.013
0	-6.649	-9.134	-2.012
0	-6.634	-9.132	-2.011
0	-6.618	-9.129	-2.009
0	-6.602	-9.126	-2.008
0	-6.585	-9.123	-2.007
0	-6.569	-9.120	-2.006
0	-6.553	-9.116	-2.004
0	-6.538	-9.113	-2.004
0	-6.520	-9.109	-2.002
0	-6.506	-9.106	-2.002
0	-6.500	-9.104	-2.001
0	-6.488	-9.101	-2.000
0	-6.483	-9.100	-2.000
0	-6.472	-9.097	-1.999
0	-6.460	-9.094	-1.998
0	-6.446	-9.091	-1.997
0	-6.431	-9.087	-1.995
0	-6.416	-9.083	-1.993
0	-6.401	-9.080	-1.991
0	-6.386	-9.076	-1.989
0	-6.367	-9.072	-1.986
0	-6.353	-9.068	-1.984
0	-6.338	-9.064	-1.982
0	-6.323	-9.059	-1.980
0	-6.308	-9.054	-1.979
0	-6.301	-9.052	-1.979
0	-6.289	-9.047	-1.978
0	-6.278	-9.043	-1.977
0	-6.266	-9.039	-1.976
0	-6.253	-9.035	-1.975
0	-6.240	-9.030	-1.974
0	-6.226	-9.024	-1.973
0	-6.213	-9.020	-1.973
0	-6.201	-9.015	-1.972
0	-6.190	-9.010	-1.971
0	-6.178	-9.006	-1.971
0	-6.165	-9.001	-1.971
0	-6.154	-8.997	-1.972
0	-6.143	-8.993	-1.972
0	-6.127	-8.988	-1.972
0	-6.111	-8.983	-1.972
0	-6.095	-8.977	-1.972
0	-6.077	-8.971	-1.971
0	-6.062	-8.965	-1.971
0	-6.049	-8.960	-1.971
0	-6.036	-8.955	-1.971
0	-6.022	-8.949	-1.970
0	-6.007	-8.943	-1.970
0	-6.001	-8.941	-1.970
0	-5.990	-8.936	-1.969
0	-5.980	-8.932	-1.969
0	-5.966	-8.927	-1.969
0	-5.953	-8.923	-1.969
0	-5.939	-8.918	-1.970
0	-5.920	-8.912	-1.971
0	-5.900	-8.906	-1.973
0	-5.883	-8.902	-1.974
0	-5.866	-8.898	-1.976
0	-5.851	-8.895	-1.978
0	-5.831	-8.891	-1.980
0	-5.813	-8.887	-1.982
0	-5.793	-8.881	-1.985
0	-5.778	-8.877	-1.987
0	-5.762	-8.873	-1.990
0	-5.740	-8.867	-1.995
0	-5.726	-8.863	-1.998
0	-5.719	-8.861	-2.000
0	-5.710	-8.859	-2.002
0	-5.700	-8.856	-2.005
0	-5.688	-8.853	-2.008
0	-5.675	-8.849	-2.011
0	-5.661	-8.845	-2.014
0	-5.647	-8.842	-2.016
0	-5.635	-8.839	-2.018
0	-5.622	-8.836	-2.021
0	-5.609	-8.833	-2.023
0	-5.602	-8.831	-2.024
0	-5.588	-8.827	-2.026
0	-5.573	-8.823	-2.029
0	-5.559	-8.819	-2.033
0	-5.545	-8.814	-2.037
0	-5.531	-8.810	-2.041
0	-5.515	-8.803	-2.047
0	-5.504	-8.799	-2.051
0	-5.490	-8.795	-2.056
0	-5.478	-8.791	-2.060
0	-5.464	-8.786	-2.065
0	-5.451	-8.782	-2.070
0	-5.437	-8.777	-2.075
0	-5.421	-8.772	-2.081
0	-5.406	-8.767	-2.087
0	-5.400	-8.765	-2.089
0	-5.392	-8.762	-2.092
0	-5.384	-8.759	-2.096
0	-5.372	-8.755	-2.101
0	-5.358	-8.750	-2.108
0	-5.343	-8.744	-2.117
0	-5.330	-8.739	-2.124
0	-5.317	-8.735	-2.132
0	-5.306	-8.730	-2.139
0	-5.295	-8.726	-2.146
0	-5.282	-8.721	-2.154
0	-5.271	-8.717	-2.161
0	-5.260	-8.712	-2.169
0	-5.246	-8.707	-2.180
0	-5.231	-8.702	-2.191
0	-5.220	-8.698	-2.201
0	-5.208	-8.694	-2.210
0	-5.196	-8.690	-2.220
0	-5.182	-8.685	-2.232
0	-5.172	-8.682	-2.240
0	-5.159	-8.678	-2.250
0	-5.142	-8.673	-2.265
0	-5.127	-8.669	-2.277
0	-5.113	-8.665	-2.290
0	-5.103	-8.662	-2.299
0	-5.092	-8.659	-2.308
0	-5.081	-8.656	-2.318
0	-5.071	-8.654	-2.326
0	-5.061	-8.651	-2.335
0	-5.051	-8.648	-2.344
0	-5.040	-8.645	-2.353
0	-5.029	-8.643	-2.363
0	-5.017	-8.640	-2.374
0	-5.007	-8.638	-2.383
0	-5.001	-8.636	-2.388
0	-4.991	-8.634	-2.397
0	-4.988	-8.634	-2.400
0	-4.985	-8.633	-2.403
0	-4.980	-8.632	-2.407
0	-4.972	-8.630	-2.415
0	-4.961	-8.628	-2.425
0	-4.951	-8.625	-2.436
0	-4.941	-8.622	-2.446
0	-4.930	-8.619	-2.457
0	-4.919	-8.616	-2.467
0	-4.905	-8.612	-2.480
0	-4.891	-8.608	-2.493
0	-4.874	-8.603	-2.507
0	-4.859	-8.599	-2.520
0	-4.846	-8.595	-2.531
0	-4.833	-8.592	-2.541
0	-4.823	-8.589	-2.549
0	-4.813	-8.586	-2.557
0	-4.804	-8.583	-2.564
0	-4.793	-8.579	-2.573
0	-4.779	-8.574	-2.584
0	-4.764	-8.569	-2.596
0	-4.759	-8.568	-2.600
0	-4.750	-8.565	-2.606
0	-4.742	-8.563	-2.612
0	-4.730	-8.559	-2.622
0	-4.717	-8.555	-2.632
0	-4.706	-8.552	-2.642
0	-4.701	-8.550	-2.646
0	-4.692	-8.547	-2.654
0	-4.683	-8.545	-2.662
0	-4.673	-8.541	-2.671
0	-4.662	-8.538	-2.681
0	-4.651	-8.534	-2.691
0	-4.642	-8.531	-2.699
0	-4.633	-8.528	-2.707
0	-4.621	-8.524	-2.718
0	-4.610	-8.521	-2.729
0	-4.601	-8.518	-2.740
0	-4.588	-8.514	-2.755
0	-4.578	-8.511	-2.767
0	-4.570	-8.508	-2.777
0	-4.560	-8.506	-2.789
0	-4.551	-8.503	-2.801
0	-4.542	-8.500	-2.813
0	-4.534	-8.498	-2.825
0	-4.524	-8.495	-2.837
0	-4.516	-8.492	-2.849
0	-4.506	-8.490	-2.861
0	-4.495	-8.486	-2.874
0	-4.484	-8.483	-2.888
0	-4.472	-8.478	-2.904
0	-4.463	-8.475	-2.916
0	-4.454	-8.472	-2.927
0	-4.445	-8.470	-2.939
0	-4.434	-8.467	-2.951
0	-4.423	-8.464	-2.964
0	-4.413	-8.461	-2.975
0	-4.403	-8.459	-2.986
0	-4.400	-8.458	-2.989
0	-4.395	-8.457	-2.995
0	-4.389	-8.456	-3.002
0	-4.379	-8.453	-3.012
0	-4.367	-8.451	-3.025
0	-4.356	-8.449	-3.038
0	-4.346	-8.447	-3.050
0	-4.334	-8.445	-3.065
0	-4.323	-8.443	-3.080
0	-4.313	-8.441	-3.093
0	-4.308	-8.440	-3.099
0	-4.301	-8.439	-3.109
0	-4.292	-8.437	-3.120
0	-4.284	-8.435	-3.131
0	-4.276	-8.433	-3.142
0	-4.267	-8.431	-3.154
0	-4.260	-8.430	-3.166
0	-4.251	-8.428	-3.178
0	-4.244	-8.427	-3.190
0	-4.236	-8.426	-3.203
0	-4.229	-8.425	-3.216
0	-4.223	-8.424	-3.228
0	-4.215	-8.423	-3.245
0	-4.209	-8.422	-3.259
0	-4.204	-8.421	-3.270
0	-4.200	-8.420	-3.282
0	-4.195	-8.419	-3.297
0	-4.191	-8.419	-3.310
0	-4.187	-8.418	-3.325
0	-4.183	-8.417	-3.339
0	-4.179	-8.417	-3.357
0	-4.175	-8.417	-3.376
0	-4.171	-8.417	-3.393
0	-4.168	-8.418	-3.410
0	-4.164	-8.419	-3.429
0	-4.161	-8.420	-3.446
0	-4.158	-8.421	-3.463
0	-4.155	-8.423	-3.484
0	-4.153	-8.425	-3.504
0	-4.151	-8.428	-3.523
0	-4.149	-8.430	-3.538
0	-4.148	-8.433	-3.555
0	-4.147	-8.435	-3.571
0	-4.147	-8.438	-3.588
0	-4.146	-8.439	-3.597
0	-4.146	-8.441	-3.609
0	-4.145	-8.443	-3.621
0	-4.145	-8.446	-3.640
0	-4.144	-8.448	-3.659
0	-4.143	-8.451	-3.675
0	-4.143	-8.453	-3.691
0	-4.143	-8.455	-3.699
0	-4.142	-8.457	-3.712
0	-4.142	-8.459	-3.724
0	-4.142	-8.462	-3.738
0	-4.143	-8.466	-3.757
0	-4.143	-8.470	-3.774
0	-4.144	-8.475	-3.791
0	-4.145	-8.477	-3.799
0	-4.146	-8.481	-3.814
0	-4.148	-8.485	-3.829
0	-4.149	-8.489	-3.845
0	-4.151	-8.494	-3.862
0	-4.153	-8.499	-3.883
0	-4.154	-8.503	-3.898
0	-4.156	-8.507	-3.914
0	-4.158	-8.511	-3.931
0	-4.160	-8.516	-3.951
0	-4.164	-8.522	-3.972
0	-4.167	-8.529	-3.994
0	-4.168	-8.530	-3.999
0	-4.170	-8.534	-4.010
0	-4.172	-8.537	-4.020
0	-4.176	-8.543	-4.042
0	-4.181	-8.550	-4.065
0	-4.185	-8.556	-4.086
0	-4.187	-8.559	-4.097
0	-4.190	-8.564	-4.112
0	-4.192	-8.568	-4.126
0	-4.196	-8.575	-4.146
0	-4.200	-8.581	-4.164
0	-4.204	-8.587	-4.181
0	-4.208	-8.594	-4.198
0	-4.212	-8.599	-4.211
0	-4.215	-8.605	-4.224
0	-4.219	-8.612	-4.241
0	-4.224	-8.620	-4.260
0	-4.229	-8.628	-4.281
0	-4.234	-8.637	-4.301
0	-4.239	-8.644	-4.319
0	-4.243	-8.651	-4.337
0	-4.250	-8.660	-4.360
0	-4.257	-8.671	-4.386
0	-4.261	-8.676	-4.398
0	-4.265	-8.682	-4.414
0	-4.270	-8.688	-4.430
0	-4.277	-8.696	-4.450
0	-4.284	-8.705	-4.470
0	-4.291	-8.714	-4.489
0	-4.297	-8.723	-4.506
0	-4.300	-8.726	-4.513
0	-4.304	-8.732	-4.524
0	-4.309	-8.739	-4.536
0	-4.315	-8.748	-4.554
0	-4.323	-8.759	-4.573
0	-4.331	-8.772	-4.597
0	-4.339	-8.784	-4.620
0	-4.348	-8.797	-4.645
0	-4.356	-8.810	-4.669
0	-4.361	-8.818	-4.682
0	-4.367	-8.826	-4.697
0	-4.373	-8.836	-4.713
0	-4.379	-8.845	-4.727
0	-4.385	-8.854	-4.744
0	-4.392	-8.863	-4.759
0	-4.397	-8.872	-4.773
0	-4.405	-8.882	-4.790
0	-4.409	-8.888	-4.800
0	-4.414	-8.896	-4.813
0	-4.417	-8.900	-4.819
0	-4.423	-8.909	-4.834
0	-4.429	-8.918	-4.848
0	-4.438	-8.931	-4.868
0	-4.446	-8.943	-4.886
0	-4.457	-8.959	-4.912
0	-4.464	-8.969	-4.927
0	-4.471	-8.978	-4.943
0	-4.480	-8.991	-4.963
0	-4.486	-9.000	-4.977
0	-4.491	-9.008	-4.989
0	-4.496	-9.014	-4.998
0	-4.501	-9.022	-5.009
0	-4.507	-9.030	-5.021
0	-4.517	-9.043	-5.041
0	-4.526	-9.056	-5.060
0	-4.537	-9.071	-5.081
0	-4.544	-9.081	-5.094
0	-4.546	-9.084	-5.099
0	-4.553	-9.093	-5.112
0	-4.558	-9.100	-5.121
0	-4.564	-9.108	-5.133
0	-4.570	-9.117	-5.144
0	-4.580	-9.130	-5.162
0	-4.591	-9.145	-5.182
0	-4.598	-9.154	-5.196
0	-4.600	-9.157	-5.200
0	-4.606	-9.165	-5.211
0	-4.612	-9.174	-5.222
0	-4.619	-9.185	-5.236
0	-4.630	-9.199	-5.253
0	-4.637	-9.210	-5.266
0	-4.644	-9.220	-5.277
0	-4.653	-9.233	-5.293
0	-4.657	-9.239	-5.300
0	-4.664	-9.249	-5.312
0	-4.671	-9.260	-5.324
0	-4.682	-9.275	-5.340
0	-4.692	-9.290	-5.357
0	-4.703	-9.307	-5.373
0	-4.714	-9.324	-5.389
0	-4.730	-9.351	-5.412
0	-4.746	-9.377	-5.434
0	-4.756	-9.394	-5.447
0	-4.766	-9.412	-5.460
0	-4.778	-9.432	-5.474
0	-4.791	-9.455	-5.489
0	-4.806	-9.482	-5.505
0	-4.817	-9.503	-5.517
0	-4.829	-9.526	-5.530
0	-4.841	-9.551	-5.542
0	-4.853	-9.576	-5.554
0	-4.868	-9.606	-5.567
0	-4.882	-9.636	-5.580
0	-4.895	-9.665	-5.590
0	-4.899	-9.675	-5.594
0	-4.906	-9.691	-5.600
0	-4.910	-9.700	-5.603
0	-4.914	-9.710	-5.606
0	-4.921	-9.726	-5.611
0	-4.929	-9.746	-5.618
0	-4.940	-9.771	-5.627
0	-4.953	-9.800	-5.636
0	-4.965	-9.829	-5.646
0	-4.978	-9.860	-5.657
0	-4.991	-9.891	-5.667
0	-4.994	-9.899	-5.670
0	-5.000	-9.912	-5.674
0	-5.005	-9.925	-5.679
0	-5.011	-9.939	-5.683
0	-5.019	-9.958	-5.690
0	-5.028	-9.980	-5.698
0	-5.037	-10.003	-5.706
0	-5.047	-10.028	-5.714
0	-5.057	-10.055	-5.722
0	-5.066	-10.080	-5.730
0	-5.073	-10.097	-5.734
0	-5.080	-10.116	-5.739
0	-5.086	-10.134	-5.744
0	-5.098	-10.167	-5.753
0	-5.108	-10.192	-5.760
0	-5.118	-10.219	-5.767
0	-5.127	-10.246	-5.773
0	-5.136	-10.272	-5.778
0	-5.147	-10.303	-5.784
0	-5.161	-10.347	-5.792
0	-5.174	-10.390	-5.798
0	-5.177	-10.400	-5.799
0	-5.179	-10.407	-5.800
0	-5.182	-10.416	-5.801
0	-5.185	-10.427	-5.802
0	-5.191	-10.446	-5.804
0	-5.198	-10.473	-5.806
0	-5.206	-10.501	-5.808
0	-5.213	-10.527	-5.810
0	-5.220	-10.554	-5.812
0	-5.228	-10.583	-5.814
0	-5.232	-10.600	-5.815
0	-5.239	-10.624	-5.817
0	-5.245	-10.647	-5.818
0	-5.252	-10.674	-5.819
0	-5.259	-10.705	-5.819
0	-5.269	-10.746	-5.818
0	-5.278	-10.789	-5.816
0	-5.285	-10.828	-5.813
0	-5.292	-10.866	-5.809
0	-5.299	-10.905	-5.803
0	-5.302	-10.923	-5.800
0	-5.305	-10.943	-5.797
0	-5.308	-10.963	-5.793
0	-5.312	-10.992	-5.789
0	-5.318	-11.027	-5.783
0	-5.325	-11.071	-5.775
0	-5.330	-11.109	-5.769
0	-5.336	-11.146	-5.763
0	-5.342	-11.183	-5.757
0	-5.347	-11.217	-5.751
0	-5.352	-11.255	-5.745
0	-5.358	-11.296	-5.738
0	-5.362	-11.320	-5.734
0	-5.365	-11.345	-5.729
0	-5.369	-11.374	-5.724
0	-5.371	-11.395	-5.719
0	-5.374	-11.417	-5.714
0	-5.377	-11.439	-5.709
0	-5.380	-11.467	-5.703
0	-5.381	-11.479	-5.701
0	-5.384	-11.500	-5.696
0	-5.386	-11.521	-5.691
0	-5.389	-11.547	-5.684
0	-5.391	-11.575	-5.676
0	-5.393	-11.604	-5.668
0	-5.394	-11.635	-5.658
0	-5.395	-11.665	-5.648
0	-5.395	-11.692	-5.638
0	-5.395	-11.724	-5.626
0	-5.395	-11.753	-5.615
0	-5.396	-11.782	-5.604
0	-5.396	-11.796	-5.600
0	-5.396	-11.816	-5.592
0	-5.396	-11.836	-5.584
0	-5.395	-11.860	-5.575
0	-5.394	-11.884	-5.565
0	-5.394	-11.899	-5.558
0	-5.393	-11.918	-5.550
0	-5.392	-11.938	-5.541
0	-5.391	-11.962	-5.531
0	-5.390	-11.990	-5.518
0	-5.389	-12.021	-5.505
0	-5.389	-12.031	-5.500
0	-5.388	-12.052	-5.491
0	-5.387	-12.073	-5.482
0	-5.385	-12.095	-5.472
0	-5.385	-12.100	-5.469
0	-5.385	-12.106	-5.466
0	-5.384	-12.119	-5.460
0	-5.382	-12.140	-5.450
0	-5.380	-12.167	-5.437
0	-5.378	-12.197	-5.422
0	-5.377	-12.218	-5.412
0	-5.375	-12.238	-5.402
0	-5.372	-12.261	-5.390
0	-5.370	-12.284	-5.378
0	-5.368	-12.300	-5.369
0	-5.366	-12.315	-5.360
0	-5.364	-12.330	-5.351
0	-5.362	-12.350	-5.340
0	-5.358	-12.375	-5.326
0	-5.353	-12.414	-5.303
0	-5.351	-12.437	-5.290
0	-5.348	-12.462	-5.277
0	-5.345	-12.491	-5.260
0	-5.342	-12.524	-5.242
0	-5.339	-12.551	-5.227
0	-5.336	-12.576	-5.213
0	-5.334	-12.599	-5.200
0	-5.332	-12.622	-5.188
0	-5.329	-12.648	-5.174
0	-5.326	-12.676	-5.159
0	-5.324	-12.696	-5.148
0	-5.321	-12.722	-5.134
0	-5.317	-12.747	-5.120
0	-5.314	-12.771	-5.105
0	-5.312	-12.780	-5.100
0	-5.309	-12.795	-5.091
0	-5.308	-12.800	-5.087
0	-5.306	-12.814	-5.078
0	-5.303	-12.828	-5.069
0	-5.301	-12.839	-5.061
0	-5.297	-12.856	-5.050
0	-5.293	-12.873	-5.038
0	-5.289	-12.894	-5.024
0	-5.284	-12.915	-5.010
0	-5.279	-12.936	-4.995
0	-5.275	-12.955	-4.983
0	-5.271	-12.975	-4.970
0	-5.267	-12.995	-4.956
0	-5.262	-13.019	-4.939
0	-5.256	-13.042	-4.923
0	-5.251	-13.066	-4.907
0	-5.249	-13.076	-4.901
0	-5.246	-13.091	-4.890
0	-5.242	-13.106	-4.880
0	-5.237	-13.126	-4.866
0	-5.232	-13.146	-4.852
0	-5.226	-13.167	-4.836
0	-5.220	-13.188	-4.819
0	-5.213	-13.210	-4.801
0	-5.205	-13.232	-4.782
0	-5.197	-13.257	-4.761
0	-5.189	-13.282	-4.739
0	-5.182	-13.303	-4.722
0	-5.177	-13.319	-4.709
0	-5.172	-13.334	-4.696
0	-5.167	-13.352	-4.681
0	-5.160	-13.374	-4.663
0	-5.154	-13.393	-4.648
0	-5.152	-13.400	-4.642
0	-5.148	-13.411	-4.633
0	-5.143	-13.424	-4.621
0	-5.138	-13.440	-4.608
0	-5.135	-13.447	-4.601
0	-5.130	-13.460	-4.590
0	-5.125	-13.473	-4.577
0	-5.119	-13.489	-4.563
0	-5.116	-13.498	-4.555
0	-5.111	-13.510	-4.544
0	-5.107	-13.523	-4.532
0	-5.101	-13.537	-4.518
0	-5.095	-13.550	-4.506
0	-5.093	-13.556	-4.500
0	-5.088	-13.567	-4.489
0	-5.083	-13.579	-4.477
0	-5.077	-13.594	-4.463
0	-5.074	-13.600	-4.457
0	-5.067	-13.614	-4.442
0	-5.061	-13.628	-4.427
0	-5.055	-13.642	-4.413
0	-5.050	-13.653	-4.403
0	-5.045	-13.665	-4.390
0	-5.039	-13.677	-4.377
0	-5.033	-13.691	-4.362
0	-5.030	-13.699	-4.353
0	-5.024	-13.711	-4.340
0	-5.019	-13.722	-4.327
0	-5.013	-13.735	-4.312
0	-5.006	-13.748	-4.296
0	-5.000	-13.760	-4.283
0	-4.994	-13.771	-4.270
0	-4.988	-13.782	-4.256
0	-4.982	-13.792	-4.243
0	-4.978	-13.799	-4.234
0	-4.972	-13.809	-4.221
0	-4.965	-13.822	-4.204
0	-4.956	-13.836	-4.185
0	-4.947	-13.850	-4.167
0	-4.939	-13.864	-4.150
0	-4.932	-13.877	-4.134
0	-4.924	-13.890	-4.118
0	-4.919	-13.899	-4.106
0	-4.913	-13.909	-4.094
0	-4.908	-13.917	-4.083
0	-4.901	-13.928	-4.068
0	-4.894	-13.939	-4.054
0	-4.886	-13.951	-4.038
0	-4.878	-13.963	-4.022
0	-4.870	-13.975	-4.005
0	-4.861	-13.990	-3.986
0	-4.852	-14.006	-3.965
0	-4.843	-14.021	-3.946
0	-4.836	-14.034	-3.929
0	-4.828	-14.048	-3.911
0	-4.824	-14.056	-3.901
0	-4.819	-14.065	-3.889
0	-4.814	-14.073	-3.878
0	-4.808	-14.083	-3.864
0	-4.801	-14.092	-3.850
0	-4.794	-14.103	-3.834
0	-4.787	-14.113	-3.819
0	-4.780	-14.123	-3.803
0	-4.773	-14.133	-3.788
0	-4.765	-14.144	-3.772
0	-4.757	-14.156	-3.754
0	-4.746	-14.170	-3.734
0	-4.738	-14.182	-3.717
0	-4.729	-14.193	-3.701
0	-4.719	-14.205	-3.684
0	-4.711	-14.215	-3.668
0	-4.702	-14.225	-3.652
0	-4.692	-14.236	-3.633
0	-4.681	-14.248	-3.614
0	-4.671	-14.259	-3.595
0	-4.662	-14.269	-3.578
0	-4.653	-14.279	-3.561
0	-4.644	-14.289	-3.544
0	-4.636	-14.298	-3.529
0	-4.631	-14.305	-3.518
0	-4.626	-14.310	-3.508
0	-4.623	-14.314	-3.501
0	-4.616	-14.321	-3.487
0	-4.610	-14.328	-3.474
0	-4.602	-14.336	-3.458
0	-4.595	-14.343	-3.443
0	-4.587	-14.351	-3.427
0	-4.579	-14.358	-3.411
0	-4.575	-14.362	-3.402
0	-4.569	-14.367	-3.390
0	-4.563	-14.373	-3.377
0	-4.554	-14.381	-3.359
0	-4.542	-14.391	-3.335
0	-4.531	-14.400	-3.313
0	-4.520	-14.409	-3.292
0	-4.511	-14.416	-3.274
0	-4.504	-14.421	-3.261
0	-4.498	-14.426	-3.249
0	-4.489	-14.433	-3.230
0	-4.480	-14.440	-3.212
0	-4.475	-14.443	-3.202
0	-4.470	-14.447	-3.191
0	-4.464	-14.451	-3.179
0	-4.456	-14.455	-3.163
0	-4.447	-14.460	-3.146
0	-4.438	-14.464	-3.129
0	-4.428	-14.468	-3.112
0	-4.421	-14.470	-3.100
0	-4.414	-14.472	-3.089
0	-4.408	-14.474	-3.078
0	-4.402	-14.476	-3.068
0	-4.393	-14.479	-3.054
0	-4.384	-14.481	-3.038
0	-4.374	-14.484	-3.022
0	-4.363	-14.486	-3.005
0	-4.353	-14.488	-2.988
0	-4.343	-14.490	-2.974
0	-4.333	-14.490	-2.958
0	-4.322	-14.491	-2.941
0	-4.310	-14.491	-2.923
0	-4.302	-14.491	-2.911
0	-4.299	-14.490	-2.906
0	-4.296	-14.490	-2.902
0	-4.290	-14.490	-2.893
0	-4.283	-14.489	-2.883
0	-4.274	-14.487	-2.870
0	-4.264	-14.486	-2.856
0	-4.253	-14.483	-2.840
0	-4.242	-14.480	-2.825
0	-4.230	-14.477	-2.807
0	-4.225	-14.475	-2.801
0	-4.217	-14.473	-2.790
0	-4.209	-14.470	-2.778
0	-4.200	-14.467	-2.765
0	-4.191	-14.464	-2.752
0	-4.181	-14.461	-2.737
0	-4.170	-14.458	-2.722
0	-4.159	-14.456	-2.706
0	-4.155	-14.455	-2.701
0	-4.147	-14.452	-2.688
0	-4.138	-14.450	-2.675
0	-4.128	-14.447	-2.661
0	-4.115	-14.442	-2.644
0	-4.105	-14.438	-2.631
0	-4.101	-14.436	-2.625
0	-4.093	-14.432	-2.615
0	-4.085	-14.429	-2.604
0	-4.082	-14.427	-2.600
0	-4.076	-14.425	-2.593
0	-4.070	-14.422	-2.585
0	-4.062	-14.418	-2.575
0	-4.053	-14.413	-2.563
0	-4.040	-14.406	-2.548
0	-4.032	-14.402	-2.538
0	-4.028	-14.400	-2.534
0	-4.020	-14.396	-2.524
0	-4.011	-14.391	-2.515
0	-4.002	-14.387	-2.506
0	-4.000	-14.386	-2.503
0	-3.997	-14.385	-2.501
0	-3.991	-14.382	-2.494
0	-3.983	-14.378	-2.486
0	-3.974	-14.374	-2.476
0	-3.963	-14.369	-2.465
0	-3.951	-14.364	-2.453
0	-3.940	-14.359	-2.441
0	-3.928	-14.354	-2.429
0	-3.914	-14.347	-2.413
0	-3.903	-14.342	-2.401
0	-3.893	-14.338	-2.389
0	-3.881	-14.332	-2.375
0	-3.871	-14.328	-2.364
0	-3.862	-14.323	-2.352
0	-3.850	-14.318	-2.338
0	-3.838	-14.314	-2.325
0	-3.826	-14.309	-2.311
0	-3.819	-14.305	-2.302
0	-3.810	-14.301	-2.291
0	-3.801	-14.297	-2.281
0	-3.792	-14.293	-2.270
0	-3.783	-14.288	-2.259
0	-3.773	-14.284	-2.247
0	-3.763	-14.279	-2.235
0	-3.752	-14.275	-2.223
0	-3.743	-14.271	-2.211
0	-3.735	-14.267	-2.202
0	-3.728	-14.264	-2.194
0	-3.721	-14.261	-2.185
0	-3.711	-14.257	-2.175
0	-3.703	-14.253	-2.166
0	-3.700	-14.252	-2.163
0	-3.693	-14.249	-2.156
0	-3.685	-14.245	-2.148
0	-3.673	-14.240	-2.135
0	-3.658	-14.232	-2.119
0	-3.648	-14.227	-2.108
0	-3.638	-14.222	-2.096
0	-3.627	-14.215	-2.084
0	-3.616	-14.209	-2.071
0	-3.605	-14.202	-2.058
0	-3.602	-14.200	-2.054
0	-3.595	-14.196	-2.046
0	-3.589	-14.192	-2.039
0	-3.581	-14.188	-2.029
0	-3.572	-14.182	-2.019
0	-3.563	-14.177	-2.010
0	-3.551	-14.171	-1.999
0	-3.540	-14.164	-1.988
0	-3.529	-14.158	-1.978
0	-3.517	-14.152	-1.968
0	-3.504	-14.144	-1.958
0	-3.500	-14.142	-1.955
0	-3.490	-14.137	-1.948
0	-3.479	-14.130	-1.940
0	-3.467	-14.124	-1.932
0	-3.454	-14.116	-1.922
0	-3.442	-14.110	-1.915
0	-3.431	-14.103	-1.907
0	-3.419	-14.097	-1.899
0	-3.406	-14.090	-1.891
0	-3.401	-14.087	-1.888
0	-3.391	-14.081	-1.881
0	-3.381	-14.076	-1.875
0	-3.370	-14.069	-1.868
0	-3.357	-14.062	-1.860
0	-3.345	-14.054	-1.853
0	-3.333	-14.046	-1.846
0	-3.321	-14.038	-1.839
0	-3.310	-14.031	-1.833
0	-3.299	-14.024	-1.827
0	-3.287	-14.015	-1.821
0	-3.275	-14.006	-1.815
0	-3.262	-13.997	-1.809
0	-3.250	-13.987	-1.803
0	-3.244	-13.983	-1.800
0	-3.234	-13.976	-1.796
0	-3.224	-13.968	-1.792
0	-3.213	-13.959	-1.787
0	-3.199	-13.948	-1.781
0	-3.187	-13.938	-1.775
0	-3.174	-13.929	-1.769
0	-3.162	-13.919	-1.764
0	-3.151	-13.910	-1.759
0	-3.139	-13.901	-1.754
0	-3.128	-13.892	-1.749
0	-3.118	-13.884	-1.744
0	-3.107	-13.875	-1.740
0	-3.096	-13.866	-1.735
0	-3.083	-13.856	-1.730
0	-3.071	-13.847	-1.726
0	-3.058	-13.837	-1.722
0	-3.046	-13.828	-1.719
0	-3.033	-13.819	-1.715
0	-3.021	-13.811	-1.712
0	-3.011	-13.803	-1.710
0	-3.006	-13.800	-1.709
0	-2.995	-13.792	-1.707
0	-2.985	-13.784	-1.705
0	-2.974	-13.776	-1.702
0	-2.965	-13.769	-1.700
0	-2.955	-13.761	-1.698
0	-2.945	-13.754	-1.696
0	-2.933	-13.745	-1.695
0	-2.921	-13.736	-1.693
0	-2.906	-13.724	-1.691
0	-2.894	-13.715	-1.690
0	-2.882	-13.705	-1.689
0	-2.869	-13.696	-1.688
0	-2.857	-13.686	-1.688
0	-2.843	-13.675	-1.687
0	-2.826	-13.662	-1.687
0	-2.814	-13.652	-1.687
0	-2.803	-13.643	-1.687
0	-2.789	-13.631	-1.688
0	-2.775	-13.620	-1.688
0	-2.760	-13.608	-1.688
0	-2.748	-13.597	-1.688
0	-2.735	-13.586	-1.688
0	-2.723	-13.576	-1.689
0	-2.709	-13.563	-1.689
0	-2.702	-13.557	-1.689
0	-2.690	-13.547	-1.689
0	-2.679	-13.536	-1.690
0	-2.667	-13.525	-1.691
0	-2.656	-13.514	-1.693
0	-2.644	-13.503	-1.694
0	-2.632	-13.492	-1.696
0	-2.620	-13.481	-1.699
0	-2.607	-13.469	-1.701
0	-2.595	-13.458	-1.704
0	-2.583	-13.447	-1.708
0	-2.567	-13.434	-1.712
0	-2.554	-13.422	-1.716
0	-2.544	-13.413	-1.720
0	-2.532	-13.404	-1.725
0	-2.528	-13.401	-1.727
0	-2.519	-13.393	-1.730
0	-2.510	-13.386	-1.735
0	-2.501	-13.379	-1.738
0	-2.492	-13.372	-1.743
0	-2.483	-13.366	-1.747
0	-2.473	-13.358	-1.752
0	-2.462	-13.350	-1.758
0	-2.449	-13.341	-1.765
0	-2.438	-13.334	-1.771
0	-2.427	-13.325	-1.778
0	-2.412	-13.315	-1.788
0	-2.402	-13.308	-1.796
0	-2.392	-13.300	-1.804
0	-2.381	-13.293	-1.812
0	-2.371	-13.285	-1.820
0	-2.359	-13.277	-1.829
0	-2.350	-13.269	-1.837
0	-2.340	-13.262	-1.844
0	-2.330	-13.255	-1.852
0	-2.321	-13.247	-1.859
0	-2.312	-13.240	-1.866
0	-2.302	-13.232	-1.874
0	-2.291	-13.223	-1.883
0	-2.278	-13.213	-1.892
0	-2.266	-13.204	-1.901
0	-2.256	-13.196	-1.908
0	-2.245	-13.188	-1.917
0	-2.234	-13.179	-1.925
0	-2.223	-13.171	-1.933
0	-2.212	-13.161	-1.941
0	-2.200	-13.152	-1.950
0	-2.192	-13.145	-1.956
0	-2.183	-13.138	-1.962
0	-2.173	-13.129	-1.971
0	-2.164	-13.121	-1.979
0	-2.154	-13.113	-1.987
0	-2.145	-13.105	-1.996
0	-2.141	-13.102	-2.000
0	-2.130	-13.094	-2.010
0	-2.119	-13.085	-2.022
0	-2.108	-13.077	-2.034
0	-2.101	-13.072	-2.041
0	-2.094	-13.068	-2.049
0	-2.086	-13.063	-2.057
0	-2.077	-13.057	-2.067
0	-2.068	-13.051	-2.077
0	-2.058	-13.044	-2.089
0	-2.047	-13.037	-2.101
0	-2.037	-13.029	-2.114
0	-2.027	-13.022	-2.126
0	-2.018	-13.015	-2.137
0	-2.007	-13.007	-2.150
0	-1.999	-13.000	-2.161
0	-1.990	-12.993	-2.171
0	-1.981	-12.986	-2.183
0	-1.971	-12.977	-2.196
0	-1.962	-12.970	-2.207
0	-1.952	-12.962	-2.219
0	-1.941	-12.954	-2.232
0	-1.931	-12.946	-2.244
0	-1.922	-12.939	-2.255
0	-1.912	-12.932	-2.267
0	-1.903	-12.925	-2.279
0	-1.893	-12.918	-2.291
0	-1.886	-12.913	-2.299
0	-1.879	-12.908	-2.308
0	-1.872	-12.903	-2.316
0	-1.864	-12.897	-2.326
0	-1.856	-12.892	-2.336
0	-1.846	-12.885	-2.350
0	-1.836	-12.879	-2.362
0	-1.827	-12.873	-2.376
0	-1.818	-12.867	-2.389
0	-1.809	-12.862	-2.403
0	-1.800	-12.857	-2.418
0	-1.792	-12.853	-2.431
0	-1.785	-12.849	-2.442
0	-1.778	-12.846	-2.452
0	-1.767	-12.839	-2.471
0	-1.757	-12.834	-2.487
0	-1.751	-12.831	-2.498
0	-1.744	-12.827	-2.510
0	-1.738	-12.823	-2.521
0	-1.730	-12.818	-2.536
0	-1.722	-12.814	-2.551
0	-1.714	-12.810	-2.567
0	-1.706	-12.806	-2.582
0	-1.699	-12.803	-2.596
0	-1.698	-12.802	-2.600
0	-1.693	-12.800	-2.609
0	-1.689	-12.798	-2.619
0	-1.684	-12.796	-2.628
0	-1.677	-12.794	-2.644
0	-1.670	-12.791	-2.660
0	-1.663	-12.789	-2.676
0	-1.656	-12.787	-2.692
0	-1.650	-12.786	-2.706
0	-1.643	-12.784	-2.723
0	-1.636	-12.783	-2.739
0	-1.630	-12.782	-2.755
0	-1.623	-12.781	-2.772
0	-1.616	-12.780	-2.788
0	-1.612	-12.780	-2.798
0	-1.607	-12.780	-2.810
0	-1.601	-12.780	-2.822
0	-1.595	-12.780	-2.837
0	-1.587	-12.780	-2.856
0	-1.578	-12.781	-2.875
0	-1.566	-12.781	-2.902
0	-1.559	-12.781	-2.918
0	-1.551	-12.782	-2.936
0	-1.543	-12.782	-2.954
0	-1.536	-12.783	-2.970
0	-1.529	-12.783	-2.986
0	-1.521	-12.783	-3.004
0	-1.514	-12.782	-3.021
0	-1.507	-12.782	-3.038
0	-1.500	-12.782	-3.054
0	-1.495	-12.782	-3.067
0	-1.490	-12.782	-3.080
0	-1.485	-12.782	-3.092
0	-1.480	-12.782	-3.105
0	-1.474	-12.782	-3.118
0	-1.467	-12.783	-3.139
0	-1.459	-12.785	-3.159
0	-1.452	-12.787	-3.180
0	-1.447	-12.790	-3.198
0	-1.441	-12.793	-3.217
0	-1.435	-12.797	-3.236
0	-1.432	-12.800	-3.249
0	-1.428	-12.803	-3.262
0	-1.425	-12.806	-3.275
0	-1.420	-12.810	-3.290
0	-1.418	-12.812	-3.298
0	-1.414	-12.815	-3.311
0	-1.410	-12.819	-3.325
0	-1.404	-12.825	-3.344
0	-1.399	-12.830	-3.362
0	-1.393	-12.836	-3.382
0	-1.388	-12.843	-3.402
0	-1.381	-12.852	-3.425
0	-1.376	-12.861	-3.448
0	-1.371	-12.869	-3.466
0	-1.367	-12.877	-3.483
0	-1.364	-12.886	-3.500
0	-1.359	-12.898	-3.522
0	-1.354	-12.910	-3.543
0	-1.351	-12.918	-3.558
0	-1.347	-12.928	-3.574
0	-1.343	-12.939	-3.591
0	-1.338	-12.951	-3.610
0	-1.333	-12.965	-3.629
0	-1.329	-12.978	-3.646
0	-1.325	-12.991	-3.663
0	-1.321	-13.005	-3.679
0	-1.317	-13.018	-3.694
0	-1.313	-13.032	-3.710
0	-1.309	-13.045	-3.725
0	-1.305	-13.058	-3.738
0	-1.301	-13.071	-3.752
0	-1.297	-13.084	-3.765
0	-1.293	-13.097	-3.779
0	-1.290	-13.111	-3.792
0	-1.286	-13.124	-3.806
0	-1.283	-13.135	-3.818
0	-1.280	-13.147	-3.830
0	-1.277	-13.159	-3.843
0	-1.273	-13.172	-3.856
0	-1.270	-13.186	-3.871
0	-1.266	-13.199	-3.886
0	-1.262	-13.213	-3.901
0	-1.257	-13.232	-3.923
0	-1.253	-13.247	-3.940
0	-1.249	-13.260	-3.955
0	-1.245	-13.274	-3.971
0	-1.241	-13.288	-3.987
0	-1.239	-13.298	-3.998
0	-1.235	-13.312	-4.014
0	-1.231	-13.327	-4.030
0	-1.227	-13.343	-4.047
0	-1.223	-13.360	-4.064
0	-1.219	-13.377	-4.080
0	-1.215	-13.391	-4.093
0	-1.213	-13.398	-4.099
0	-1.210	-13.411	-4.111
0	-1.206	-13.424	-4.122
0	-1.202	-13.438	-4.134
0	-1.200	-13.444	-4.140
0	-1.196	-13.459	-4.153
0	-1.191	-13.473	-4.166
0	-1.187	-13.489	-4.179
0	-1.183	-13.500	-4.187
0	-1.180	-13.510	-4.196
0	-1.179	-13.515	-4.200
0	-1.175	-13.530	-4.211
0	-1.171	-13.544	-4.221
0	-1.167	-13.559	-4.232
0	-1.162	-13.578	-4.245
0	-1.158	-13.597	-4.258
0	-1.155	-13.612	-4.267
0	-1.152	-13.626	-4.277
0	-1.148	-13.645	-4.289
0	-1.144	-13.662	-4.301
0	-1.140	-13.679	-4.312
0	-1.136	-13.695	-4.323
0	-1.133	-13.710	-4.333
0	-1.128	-13.729	-4.347
0	-1.124	-13.748	-4.360
0	-1.118	-13.769	-4.375
0	-1.113	-13.790	-4.390
0	-1.108	-13.807	-4.403
0	-1.103	-13.826	-4.417
0	-1.100	-13.836	-4.425
0	-1.096	-13.850	-4.435
0	-1.093	-13.865	-4.446
0	-1.088	-13.881	-4.458
0	-1.083	-13.901	-4.471
0	-1.078	-13.922	-4.485
0	-1.072	-13.945	-4.499
0	-1.066	-13.970	-4.513
0	-1.060	-13.995	-4.527
0	-1.055	-14.015	-4.537
0	-1.051	-14.034	-4.547
0	-1.046	-14.051	-4.555
0	-1.042	-14.068	-4.564
0	-1.038	-14.086	-4.574
0	-1.034	-14.098	-4.580
0	-1.031	-14.113	-4.588
0	-1.027	-14.127	-4.595
0	-1.023	-14.145	-4.604
0	-1.017	-14.168	-4.615
0	-1.012	-14.193	-4.626
0	-1.010	-14.200	-4.629
0	-1.007	-14.214	-4.635
0	-1.003	-14.229	-4.641
0	-0.998	-14.250	-4.650
0	-0.992	-14.272	-4.659
0	-0.986	-14.300	-4.670
0	-0.980	-14.325	-4.680
0	-0.975	-14.347	-4.690
0	-0.970	-14.371	-4.700
0	-0.966	-14.389	-4.707
0	-0.962	-14.407	-4.715
0	-0.958	-14.426	-4.722
0	-0.953	-14.447	-4.730
0	-0.947	-14.472	-4.739
0	-0.941	-14.498	-4.747
0	-0.935	-14.524	-4.755
0	-0.929	-14.549	-4.761
0	-0.921	-14.581	-4.769
0	-0.917	-14.598	-4.773
0	-0.910	-14.625	-4.778
0	-0.903	-14.652	-4.784
0	-0.898	-14.675	-4.789
0	-0.893	-14.695	-4.793
0	-0.887	-14.716	-4.798
0	-0.882	-14.738	-4.802
0	-0.877	-14.759	-4.807
0	-0.870	-14.783	-4.813
0	-0.864	-14.810	-4.819
0	-0.857	-14.835	-4.825
0	-0.850	-14.864	-4.831
0	-0.841	-14.904	-4.840
0	-0.831	-14.942	-4.849
0	-0.824	-14.973	-4.856
0	-0.817	-15.002	-4.863
0	-0.810	-15.030	-4.869
0	-0.804	-15.058	-4.875
0	-0.798	-15.085	-4.881
0	-0.794	-15.100	-4.885
0	-0.790	-15.117	-4.888
0	-0.786	-15.136	-4.892
0	-0.781	-15.159	-4.896
0	-0.776	-15.178	-4.899
0	-0.775	-15.184	-4.900
0	-0.769	-15.209	-4.904
0	-0.763	-15.235	-4.908
0	-0.758	-15.261	-4.911
0	-0.753	-15.283	-4.915
0	-0.748	-15.305	-4.918
0	-0.743	-15.328	-4.922
0	-0.736	-15.361	-4.928
0	-0.729	-15.394	-4.933
0	-0.722	-15.424	-4.938
0	-0.715	-15.458	-4.943
0	-0.709	-15.486	-4.946
0	-0.702	-15.514	-4.948
0	-0.700	-15.524	-4.949
0	-0.696	-15.542	-4.950
0	-0.691	-15.562	-4.952
0	-0.684	-15.594	-4.954
0	-0.679	-15.616	-4.955
0	-0.674	-15.637	-4.956
0	-0.668	-15.663	-4.957
0	-0.662	-15.690	-4.957
0	-0.656	-15.717	-4.957
0	-0.648	-15.749	-4.956
0	-0.640	-15.778	-4.954
0	-0.636	-15.794	-4.953
0	-0.631	-15.815	-4.951
0	-0.625	-15.835	-4.949
0	-0.617	-15.864	-4.947
0	-0.610	-15.891	-4.944
0	-0.603	-15.917	-4.942
0	-0.600	-15.927	-4.941
0	-0.595	-15.946	-4.939
0	-0.590	-15.964	-4.937
0	-0.584	-15.987	-4.935
0	-0.576	-16.012	-4.931
0	-0.567	-16.044	-4.926
0	-0.558	-16.075	-4.920
0	-0.551	-16.095	-4.916
0	-0.544	-16.118	-4.911
0	-0.537	-16.140	-4.906
0	-0.530	-16.164	-4.901
0	-0.520	-16.196	-4.895
0	-0.513	-16.217	-4.890
0	-0.507	-16.237	-4.885
0	-0.500	-16.260	-4.880
0	-0.490	-16.289	-4.874
0	-0.478	-16.328	-4.865
0	-0.465	-16.368	-4.857
0	-0.452	-16.409	-4.849
0	-0.438	-16.453	-4.841
0	-0.428	-16.483	-4.835
0	-0.424	-16.498	-4.833
0	-0.417	-16.520	-4.829
0	-0.410	-16.542	-4.825
0	-0.403	-16.566	-4.819
0	-0.396	-16.589	-4.814
0	-0.387	-16.616	-4.807
0	-0.381	-16.637	-4.801
0	-0.374	-16.657	-4.795
0	-0.368	-16.676	-4.790
0	-0.360	-16.701	-4.783
0	-0.352	-16.726	-4.776
0	-0.343	-16.753	-4.768
0	-0.334	-16.782	-4.760
0	-0.326	-16.807	-4.753
0	-0.318	-16.833	-4.747
0	-0.307	-16.871	-4.737
0	-0.301	-16.891	-4.731
0	-0.294	-16.911	-4.725
0	-0.287	-16.934	-4.719
0	-0.279	-16.961	-4.710
0	-0.270	-16.990	-4.701
0	-0.260	-17.020	-4.691
0	-0.250	-17.050	-4.680
0	-0.238	-17.085	-4.667
0	-0.225	-17.122	-4.654
0	-0.214	-17.153	-4.642
0	-0.201	-17.190	-4.628
0	-0.187	-17.225	-4.615
0	-0.175	-17.258	-4.602
0	-0.165	-17.283	-4.593
0	-0.155	-17.309	-4.583
0	-0.143	-17.339	-4.571
0	-0.133	-17.367	-4.560
0	-0.121	-17.396	-4.549
0	-0.110	-17.424	-4.539
0	-0.099	-17.452	-4.528
0	-0.087	-17.480	-4.518
0	-0.074	-17.511	-4.506
0	-0.062	-17.541	-4.495
0	-0.051	-17.566	-4.486
0	-0.039	-17.595	-4.476
0	-0.028	-17.620	-4.468
0	-0.018	-17.645	-4.460
0	-0.008	-17.669	-4.452
0	0.003	-17.696	-4.443
0	0.016	-17.726	-4.433
0	0.026	-17.749	-4.425
0	0.035	-17.772	-4.418
0	0.045	-17.794	-4.411
0	0.055	-17.818	-4.403
0	0.066	-17.845	-4.394
0	0.079	-17.875	-4.384
0	0.093	-17.908	-4.374
0	0.101	-17.928	-4.367
0	0.110	-17.949	-4.360
0	0.120	-17.974	-4.351
0	0.132	-18.002	-4.342
0	0.143	-18.030	-4.333
0	0.155	-18.059	-4.323
0	0.165	-18.085	-4.314
0	0.175	-18.109	-4.306
0	0.185	-18.134	-4.297
0	0.194	-18.159	-4.289
0	0.205	-18.185	-4.280
0	0.215	-18.212	-4.270
0	0.226	-18.239	-4.261
0	0.237	-18.266	-4.252
0	0.247	-18.290	-4.243
0	0.257	-18.316	-4.234
0	0.269	-18.345	-4.224
0	0.279	-18.369	-4.216
0	0.290	-18.395	-4.207
0	0.300	-18.418	-4.199
0	0.310	-18.442	-4.192
0	0.321	-18.467	-4.184
0	0.333	-18.496	-4.174
0	0.346	-18.525	-4.165
0	0.358	-18.552	-4.156
0	0.369	-18.576	-4.148
0	0.381	-18.599	-4.140
0	0.392	-18.623	-4.132
0	0.407	-18.653	-4.122
0	0.423	-18.687	-4.110
0	0.436	-18.714	-4.101
0	0.450	-18.746	-4.091
0	0.462	-18.772	-4.082
0	0.474	-18.799	-4.073
0	0.484	-18.822	-4.065
0	0.494	-18.844	-4.057
0	0.505	-18.869	-4.049
0	0.517	-18.894	-4.040
0	0.528	-18.919	-4.031
0	0.538	-18.941	-4.023
0	0.549	-18.965	-4.014
0	0.561	-18.990	-4.006
0	0.573	-19.016	-3.997
0	0.585	-19.041	-3.988
0	0.594	-19.061	-3.981
0	0.604	-19.080	-3.974
0	0.614	-19.101	-3.967
0	0.625	-19.124	-3.959
0	0.638	-19.150	-3.950
0	0.653	-19.180	-3.939
0	0.666	-19.207	-3.929
0	0.679	-19.233	-3.920
0	0.690	-19.254	-3.912
0	0.700	-19.273	-3.905
0	0.710	-19.292	-3.898
0	0.720	-19.313	-3.891
0	0.733	-19.337	-3.882
0	0.748	-19.367	-3.871
0	0.762	-19.395	-3.862
0	0.779	-19.428	-3.850
0	0.790	-19.451	-3.842
0	0.802	-19.475	-3.833
0	0.815	-19.502	-3.824
0	0.828	-19.529	-3.814
0	0.841	-19.556	-3.804
0	0.856	-19.585	-3.793
0	0.867	-19.608	-3.785
0	0.880	-19.634	-3.775
