#i	X	Y	Z
0	-8.500	-0.000	0.000
0	-8.500	-0.000	0.000
0	-8.501	-0.000	0.002
0	-8.506	-0.002	0.010
0	-8.515	-0.005	0.027
0	-8.527	-0.009	0.047
0	-8.543	-0.015	0.077
0	-8.559	-0.020	0.105
0	-8.573	-0.025	0.132
0	-8.590	-0.030	0.161
0	-8.601	-0.033	0.180
0	-8.613	-0.037	0.202
0	-8.625	-0.041	0.223
0	-8.640	-0.045	0.248
0	-8.655	-0.050	0.274
0	-8.669	-0.054	0.299
0	-8.688	-0.059	0.331
0	-8.707	-0.065	0.363
0	-8.733	-0.072	0.408
0	-8.751	-0.077	0.439
0	-8.772	-0.082	0.475
0	-8.790	-0.087	0.506
0	-8.812	-0.094	0.544
0	-8.832	-0.099	0.577
0	-8.852	-0.104	0.610
0	-8.870	-0.109	0.642
0	-8.889	-0.114	0.672
0	-8.901	-0.117	0.693
0	-8.914	-0.120	0.713
0	-8.927	-0.123	0.736
0	-8.942	-0.127	0.760
0	-8.958	-0.131	0.788
0	-8.977	-0.136	0.819
0	-8.996	-0.141	0.851
0	-9.014	-0.145	0.882
0	-9.027	-0.149	0.903
0	-9.041	-0.152	0.925
0	-9.054	-0.156	0.947
0	-9.070	-0.160	0.973
0	-9.085	-0.164	0.998
0	-9.099	-0.167	1.021
0	-9.114	-0.172	1.046
0	-9.132	-0.177	1.074
0	-9.149	-0.182	1.101
0	-9.166	-0.186	1.128
0	-9.193	-0.194	1.169
0	-9.221	-0.202	1.213
0	-9.242	-0.208	1.245
0	-9.262	-0.213	1.276
0	-9.280	-0.218	1.304
0	-9.297	-0.223	1.331
0	-9.317	-0.228	1.363
0	-9.339	-0.234	1.397
0	-9.362	-0.240	1.433
0	-9.386	-0.246	1.470
0	-9.407	-0.252	1.502
0	-9.426	-0.257	1.532
0	-9.443	-0.261	1.557
0	-9.460	-0.266	1.585
0	-9.477	-0.271	1.611
0	-9.495	-0.275	1.639
0	-9.514	-0.280	1.670
0	-9.532	-0.285	1.698
0	-9.551	-0.290	1.728
0	-9.568	-0.295	1.756
0	-9.588	-0.300	1.788
0	-9.608	-0.305	1.820
0	-9.627	-0.310	1.851
0	-9.646	-0.315	1.882
0	-9.667	-0.320	1.917
0	-9.692	-0.326	1.958
0	-9.719	-0.333	2.002
0	-9.746	-0.340	2.046
0	-9.770	-0.346	2.085
0	-9.795	-0.352	2.126
0	-9.818	-0.358	2.163
0	-9.838	-0.363	2.195
0	-9.858	-0.368	2.227
0	-9.876	-0.373	2.257
0	-9.898	-0.378	2.290
0	-9.922	-0.385	2.329
0	-9.946	-0.391	2.368
0	-9.972	-0.398	2.408
0	-9.994	-0.404	2.444
0	-10.017	-0.410	2.479
0	-10.039	-0.415	2.514
0	-10.061	-0.421	2.548
0	-10.088	-0.429	2.593
0	-10.114	-0.436	2.634
0	-10.137	-0.442	2.671
0	-10.161	-0.449	2.708
0	-10.185	-0.455	2.747
0	-10.209	-0.462	2.785
0	-10.237	-0.470	2.830
0	-10.269	-0.479	2.880
0	-10.300	-0.487	2.928
0	-10.327	-0.494	2.970
0	-10.353	-0.501	3.010
0	-10.381	-0.508	3.053
0	-10.412	-0.516	3.101
0	-10.444	-0.524	3.153
0	-10.478	-0.533	3.205
0	-10.506	-0.540	3.250
0	-10.535	-0.548	3.295
0	-10.568	-0.556	3.346
0	-10.599	-0.564	3.395
0	-10.628	-0.572	3.442
0	-10.657	-0.579	3.486
0	-10.687	-0.587	3.533
0	-10.717	-0.595	3.581
0	-10.746	-0.602	3.627
0	-10.780	-0.612	3.682
0	-10.813	-0.620	3.734
0	-10.846	-0.629	3.785
0	-10.882	-0.640	3.842
0	-10.920	-0.650	3.901
0	-10.960	-0.661	3.963
0	-10.998	-0.671	4.022
0	-11.036	-0.681	4.080
0	-11.086	-0.694	4.158
0	-11.137	-0.707	4.237
0	-11.190	-0.721	4.320
0	-11.244	-0.735	4.404
0	-11.289	-0.746	4.474
0	-11.334	-0.758	4.545
0	-11.384	-0.770	4.624
0	-11.428	-0.782	4.694
0	-11.478	-0.794	4.772
0	-11.524	-0.806	4.846
0	-11.576	-0.819	4.927
0	-11.629	-0.832	5.010
0	-11.682	-0.845	5.094
0	-11.735	-0.859	5.178
0	-11.788	-0.872	5.261
0	-11.841	-0.886	5.345
0	-11.894	-0.899	5.429
0	-11.947	-0.913	5.513
0	-12.000	-0.926	5.596
0	-12.053	-0.939	5.680
0	-12.106	-0.952	5.764
0	-12.159	-0.966	5.848
0	-12.212	-0.979	5.931
0	-12.265	-0.992	6.015
0	-12.318	-1.005	6.099
0	-12.371	-1.018	6.183
0	-12.424	-1.031	6.267
0	-12.476	-1.044	6.351
0	-12.529	-1.057	6.434
0	-12.582	-1.070	6.518
0	-12.635	-1.083	6.602
0	-12.688	-1.096	6.686
0	-12.740	-1.108	6.770
0	-12.793	-1.121	6.854
0	-12.846	-1.133	6.938
0	-12.898	-1.146	7.023
0	-12.951	-1.158	7.107
0	-13.004	-1.171	7.191
0	-13.056	-1.183	7.275
0	-13.109	-1.196	7.359
0	-13.162	-1.208	7.443
0	-13.214	-1.221	7.527
0	-13.267	-1.233	7.611
0	-13.319	-1.245	7.695
0	-13.372	-1.258	7.780
0	-13.425	-1.270	7.864
0	-13.477	-1.282	7.948
0	-13.530	-1.295	8.032
0	-13.583	-1.307	8.116
0	-13.635	-1.319	8.200
0	-13.688	-1.331	8.284
0	-13.741	-1.344	8.369
0	-13.793	-1.356	8.453
0	-13.846	-1.368	8.537
0	-13.898	-1.380	8.621
0	-13.951	-1.392	8.705
0	-14.004	-1.404	8.789
0	-14.056	-1.416	8.874
0	-14.109	-1.428	8.958
0	-14.161	-1.440	9.042
0	-14.214	-1.452	9.126
0	-14.266	-1.464	9.211
0	-14.319	-1.476	9.295
0	-14.371	-1.488	9.379
0	-14.424	-1.500	9.463
0	-14.476	-1.512	9.548
0	-14.529	-1.523	9.632
0	-14.581	-1.535	9.716
0	-14.634	-1.547	9.801
0	-14.686	-1.559	9.885
0	-14.739	-1.570	9.969
0	-14.791	-1.582	10.054
0	-14.844	-1.593	10.138
0	-14.896	-1.605	10.222
0	-14.949	-1.616	10.307
0	-15.001	-1.627	10.391
0	-15.053	-1.639	10.476
0	-15.106	-1.650	10.560
0	-15.158	-1.661	10.644
0	-15.211	-1.672	10.729
0	-15.263	-1.683	10.813
0	-15.315	-1.694	10.898
0	-15.368	-1.706	10.982
0	-15.420	-1.717	11.067
0	-15.473	-1.728	11.151
0	-15.525	-1.739	11.236
0	-15.577	-1.750	11.320
0	-15.630	-1.760	11.405
0	-15.682	-1.771	11.489
0	-15.734	-1.782	11.574
0	-15.787	-1.793	11.658
0	-15.839	-1.804	11.743
0	-15.891	-1.815	11.827
0	-15.944	-1.825	11.912
0	-15.996	-1.836	11.996
